Molecule # Iso Abundance     Q(296K)      gj    Molar Mass(g)
   H2O (1)
         161  .997317E+00   .174626E+03    1     18.010565
         181  .199983E-02   .176141E+03    1     20.014811
         171  .371884E-03   .105306E+04    6     19.014780
         162  .310693E-03   .865122E+03    6     19.016740
   CO2 (2)
         626  .984204E+00   .286219E+03    1     43.989830
         636  .110574E-01   .576928E+03    2     44.993185
         628  .394707E-02   .607978E+03    1     45.994076
         627  .733989E-03   .354389E+04    6     44.994045
         638  .443446E-04   .123528E+04    2     46.997431
         637  .824623E-05   .714432E+04   12     45.997400
         828  .395734E-05   .323407E+03    1     47.998322
         728  .147180E-05   .376700E+04    6     46.998291
    O3 (3)
         666  .992901E+00   .348186E+04    1     47.984745
         668  .398194E-02   .746207E+04    1     49.988991
         686  .199097E-02   .364563E+04    1     49.988991
         667  .740475E-03   .430647E+05    6     48.988960
         676  .370237E-03   .212791E+05    6     48.988960
   N2O (4)
         446  .990333E+00   .499183E+04    9     44.001062
         456  .364093E-02   .334938E+04    6     44.998096
         546  .364093E-02   .344940E+04    6     44.998096
         448  .198582E-02   .526595E+04    9     46.005308
         447  .369280E-03   .307008E+05   54     45.005278
    CO (5)
          26  .986544E+00   .107428E+03    1     27.994915
          36  .110836E-01   .224704E+03    2     28.998270
          28  .197822E-02   .112781E+03    1     29.999161
          27  .367867E-03   .661209E+03    6     28.999130
          38  .222250E-04   .236447E+03    2     31.002516
          37  .413292E-05   .138071E+04   12     30.002485
   CH4 (6)
         211  .988274E+00   .589908E+03    1     16.031300
         311  .111031E-01   .117974E+04    2     17.034655
         212  .615751E-03   .477061E+04    3     17.037475
    O2 (7)
          66  .995262E+00   .215726E+03    1     31.989830
          68  .399141E-02   .452188E+03    1     33.994076
          67  .742235E-03   .263998E+04    6     32.994045
    NO (8)
          46  .993974E+00   .113243E+04    1     29.997989
          56  .365431E-02   .785200E+03    1     30.995023
          48  .199312E-02   .119417E+04    1     32.002234
   SO2 (9)
         626  .945678E+00   .634449E+04    1     63.961901
         646  .419503E-01   .637321E+04    1     65.957695
   NO2 (10)
         646  .991616E+00   .136318E+05    3     45.992904
   NH3 (11)
        4111  .995872E+00   .171089E+04    3     17.026549
        5111  .366129E-02   .114134E+04    2     18.023583
  HNO3 (12)
         146  .989110E+00   .213822E+06    6     62.995644
    OH (13)
          61  .997473E+00   .803295E+02    1     17.002740
          81  .200014E-02   .808460E+02    1     19.006986
          62  .155371E-03   .207108E+03    1     18.008915
    HF (14)
          19  .999844E+00   .414625E+02    4     20.006229
   HCl (15)
          15  .757587E+00   .160650E+03    8     35.976678
          17  .242257E+00   .160887E+03    8     37.973729
   HBr (16)
          19  .506781E+00   .200165E+03    8     79.926160
          11  .493063E+00   .200227E+03    8     81.924115
    HI (17)
          17  .999844E+00   .388948E+03   12    127.912297
   ClO (18)
          56  .755908E+00   .328810E+04    1     50.963768
          76  .241720E+00   .334560E+04    1     52.960819
   OCS (19)
         622  .937395E+00   .121746E+04    1     59.966986
         624  .415828E-01   .124793E+04    1     61.962780
         632  .105315E-01   .247482E+04    2     60.970341
         623  .739908E-02                  4     60.966371
         822  .187967E-02   .130948E+04    1     61.971231
  H2CO (20)
         126  .986237E+00   .268388E+04    1     30.010565
         136  .110802E-01   .550322E+04    2     31.013920
         128  .197761E-02   .284573E+04    1     32.014811
  HOCl (21)
         165  .755790E+00   .193166E+05    8     51.971593
         167  .241683E+00   .196584E+05    8     53.968644
    N2 (22)
          44  .992687E+00   .467136E+03    1     28.006147
   HCN (23)
         124  .985114E+00   .893323E+03    6     27.010899
         134  .110676E-01   .183657E+04   12     28.014254
         125  .362174E-02   .615046E+03    4     28.007933
 CH3Cl (24)
         215  .748937E+00   .144858E+05    4     49.992328
         217  .239491E+00   .147153E+05    4     51.989379
  H2O2 (25)
        1661  .994952E+00   .767871E+04    1     34.005480
  C2H2 (26)
        1221  .977599E+00   .412519E+03    1     26.015650
        1231  .219663E-01   .330014E+04    8     27.019005
  C2H6 (27)
        1221  .976990E+00   .546265E+05   64     30.046950
   PH3 (28)
        1111  .999533E+00   .325067E+04    2     33.997238
  COF2 (29)
         269  .986544E+00   .697632E+05    1     65.991722
   SF6 (30)
          29  .950180E+00   .162242E+07    1    145.962492
   H2S (31)
         121  .949884E+00   .503204E+03    1     33.987721
         141  .421369E-01   .504486E+03    1     35.983515
         131  .749766E-02   .201546E+04    4     34.987105
 HCOOH (32)
         126  .983898E+00   .389257E+05    4     46.005480
   HO2 (33)
         166  .995107E+00   .430184E+04    2     32.997655
     O (34)
           6  .997628E+00  -.100000E+01    1     15.994915
ClONO2 (35)
        5646  .749570E+00   .212829E+07   12     96.956672
        7646  .239694E+00   .218246E+07   12     98.953723
   NO+ (36)
          46  .993974E+00   .308855E+03    3     29.997989
  HOBr (37)
         169  .505579E+00  -.100000E+01    8     95.921076
         161  .491894E+00  -.100000E+01    8     97.919027
  C2H4 (38)
         221  .977294E+00  -.100000E+01    1     28.031300
         231  .219595E-01  -.100000E+01   32     29.034655
