#Greenblatt, et al. O2-O2 absorption (ref: JGR, 95, 18577, 1990)
#4085 points (note: 335.2-663.4 nm & 1005.0-1136.8 nm & 1200-1350 nm)
# NOTE - "Made up" 1.26m band with 182.5cm-1 FWHM and 1.6 x 1.06m band (Bob Portmann, 2/26/97)
# CSZ 97/03/24 NB: added entry for 1137 nm = 0. 
# This makes it safe to interpolate between 1137 and 1200 nm, where
# there is no real data. This addition makes 4086 total points. 
#Column 1: wavelength in nm #column 2: "O4" absorption in cm^5 mol^-2
335.2	2.079e-47
335.3	1.975e-47
335.5	2.131e-47
335.6	2.143e-47
335.7	2.207e-47
335.9	2.033e-47
336.0	2.126e-47
336.1	2.253e-47
336.3	2.317e-47
336.4	2.328e-47
336.5	2.386e-47
336.7	2.490e-47
336.8	2.444e-47
336.9	2.438e-47
337.1	2.554e-47
337.2	2.751e-47
337.3	2.884e-47
337.5	2.676e-47
337.6	2.774e-47
337.7	2.635e-47
337.9	2.606e-47
338.0	2.763e-47
338.1	2.873e-47
338.3	3.023e-47
338.4	2.815e-47
338.5	2.867e-47
338.7	3.122e-47
338.8	3.174e-47
338.9	3.249e-47
339.1	3.290e-47
339.2	3.498e-47
339.3	3.637e-47
339.5	3.840e-47
339.6	3.892e-47
339.7	4.158e-47
339.9	4.413e-47
340.0	4.645e-47
340.1	4.738e-47
340.3	5.155e-47
340.4	5.410e-47
340.5	5.786e-47
340.7	5.977e-47
340.8	6.562e-47
340.9	6.886e-47
341.1	7.193e-47
341.2	7.552e-47
341.3	8.062e-47
341.5	8.392e-47
341.6	8.705e-47
341.7	9.087e-47
341.9	9.834e-47
342.0	1.014e-46
342.1	1.043e-46
342.3	1.080e-46
342.4	1.128e-46
342.5	1.172e-46
342.7	1.166e-46
342.8	1.201e-46
342.9	1.230e-46
343.1	1.213e-46
343.2	1.197e-46
343.3	1.228e-46
343.5	1.259e-46
343.6	1.259e-46
343.7	1.205e-46
343.9	1.150e-46
344.0	1.094e-46
344.1	1.036e-46
344.3	9.875e-47
344.4	9.035e-47
344.5	8.155e-47
344.7	7.419e-47
344.8	6.875e-47
344.9	6.354e-47
345.1	5.560e-47
345.2	5.166e-47
345.3	4.778e-47
345.5	4.379e-47
345.6	3.817e-47
345.7	3.469e-47
345.9	3.267e-47
346.0	3.157e-47
346.1	2.838e-47
346.3	2.734e-47
346.4	2.519e-47
346.5	2.351e-47
346.7	2.259e-47
346.8	2.131e-47
346.9	2.097e-47
347.1	2.016e-47
347.2	1.969e-47
347.3	1.963e-47
347.5	1.900e-47
347.6	1.853e-47
347.7	1.749e-47
347.9	1.842e-47
348.0	1.761e-47
348.1	1.824e-47
348.3	1.691e-47
348.4	1.871e-47
348.5	1.894e-47
348.7	1.929e-47
348.8	1.952e-47
348.9	2.010e-47
349.1	2.033e-47
349.2	2.149e-47
349.3	2.108e-47
349.5	2.247e-47
349.6	2.085e-47
349.7	2.230e-47
349.9	2.253e-47
350.0	2.328e-47
350.1	2.479e-47
350.3	2.386e-47
350.4	2.676e-47
350.6	2.502e-47
350.7	2.826e-47
350.9	2.763e-47
351.0	3.000e-47
351.2	3.006e-47
351.3	3.214e-47
351.5	3.191e-47
351.6	3.296e-47
351.8	3.504e-47
351.9	3.770e-47
352.1	3.933e-47
352.2	3.799e-47
352.4	4.089e-47
352.5	4.095e-47
352.7	4.610e-47
352.8	4.518e-47
353.0	4.929e-47
353.1	4.825e-47
353.3	5.334e-47
353.4	5.595e-47
353.6	5.902e-47
353.7	5.954e-47
353.9	6.272e-47
354.0	6.603e-47
354.2	7.159e-47
354.3	7.547e-47
354.5	7.935e-47
354.6	8.114e-47
354.8	8.717e-47
354.9	9.319e-47
355.1	1.012e-46
355.2	1.045e-46
355.4	1.107e-46
355.5	1.180e-46
355.7	1.266e-46
355.8	1.349e-46
356.0	1.433e-46
356.1	1.522e-46
356.3	1.641e-46
356.4	1.730e-46
356.6	1.867e-46
356.7	1.959e-46
356.9	2.098e-46
357.0	2.215e-46
357.2	2.352e-46
357.3	2.490e-46
357.5	2.625e-46
357.6	2.778e-46
357.8	2.918e-46
357.9	3.072e-46
358.1	3.194e-46
358.2	3.340e-46
358.4	3.470e-46
358.5	3.593e-46
358.7	3.696e-46
358.8	3.789e-46
359.0	3.871e-46
359.1	3.948e-46
359.3	4.001e-46
359.4	4.050e-46
359.6	4.083e-46
359.7	4.097e-46
359.9	4.100e-46
360.0	4.056e-46
360.2	3.995e-46
360.3	3.883e-46
360.5	3.736e-46
360.6	3.540e-46
360.8	3.351e-46
360.9	3.132e-46
361.1	2.901e-46
361.2	2.653e-46
361.4	2.420e-46
361.5	2.200e-46
361.7	1.989e-46
361.8	1.774e-46
362.0	1.594e-46
362.1	1.413e-46
362.3	1.278e-46
362.4	1.151e-46
362.6	1.019e-46
362.7	9.029e-47
362.9	8.051e-47
363.0	7.373e-47
363.2	6.568e-47
363.3	5.734e-47
363.5	5.010e-47
363.6	4.483e-47
363.8	4.048e-47
363.9	3.741e-47
364.1	3.336e-47
364.2	2.873e-47
364.4	2.456e-47
364.5	2.241e-47
364.7	2.143e-47
364.8	1.981e-47
365.0	1.772e-47
365.1	1.546e-47
365.3	1.384e-47
365.4	1.228e-47
365.6	1.124e-47
365.7	1.089e-47
365.9	1.031e-47
366.0	8.977e-48
366.2	7.356e-48
366.3	7.703e-48
366.5	7.356e-48
366.6	8.051e-48
366.8	7.240e-48
366.9	7.240e-48
367.1	7.240e-48
367.2	6.776e-48
367.4	6.661e-48
367.5	6.661e-48
367.7	6.603e-48
367.8	6.197e-48
368.0	6.139e-48
368.1	5.850e-48
368.3	5.850e-48
368.4	5.618e-48
368.6	5.734e-48
368.7	5.850e-48
368.9	5.328e-48
369.0	5.386e-48
369.2	5.560e-48
369.3	5.444e-48
369.5	5.328e-48
369.6	5.097e-48
369.8	5.676e-48
369.9	6.081e-48
370.1	5.676e-48
370.2	5.850e-48
370.4	4.865e-48
370.5	5.039e-48
370.7	5.155e-48
370.8	5.502e-48
371.0	6.197e-48
371.1	5.386e-48
371.3	5.850e-48
371.4	5.734e-48
371.6	5.908e-48
371.7	6.197e-48
371.9	6.023e-48
372.0	6.545e-48
372.2	6.429e-48
372.3	7.356e-48
372.5	7.066e-48
372.6	6.776e-48
372.8	5.155e-48
372.9	6.776e-48
373.1	7.298e-48
373.2	8.804e-48
373.4	8.456e-48
373.5	8.746e-48
373.7	9.499e-48
373.8	1.025e-47
374.0	1.158e-47
374.1	1.239e-47
374.3	1.268e-47
374.4	1.419e-47
374.6	1.610e-47
374.7	1.807e-47
374.9	2.010e-47
375.0	2.160e-47
375.2	2.433e-47
375.3	2.745e-47
375.5	3.052e-47
375.6	3.400e-47
375.8	3.666e-47
375.9	4.170e-47
376.1	4.645e-47
376.2	5.166e-47
376.4	5.786e-47
376.5	6.377e-47
376.7	7.211e-47
376.8	7.935e-47
377.0	8.815e-47
377.1	9.684e-47
377.3	1.060e-46
377.4	1.157e-46
377.6	1.261e-46
377.7	1.376e-46
377.9	1.484e-46
378.0	1.593e-46
378.2	1.695e-46
378.3	1.801e-46
378.5	1.894e-46
378.6	1.984e-46
378.8	2.080e-46
378.9	2.155e-46
379.1	2.228e-46
379.2	2.271e-46
379.4	2.325e-46
379.5	2.348e-46
379.7	2.362e-46
379.8	2.347e-46
380.0	2.328e-46
380.1	2.287e-46
380.3	2.238e-46
380.4	2.164e-46
380.5	2.085e-46
380.7	1.991e-46
380.8	1.899e-46
381.0	1.793e-46
381.1	1.681e-46
381.3	1.564e-46
381.4	1.454e-46
381.6	1.347e-46
381.7	1.242e-46
381.9	1.132e-46
382.0	1.038e-46
382.2	9.435e-47
382.3	8.595e-47
382.5	7.726e-47
382.6	7.008e-47
382.8	6.325e-47
382.9	5.693e-47
383.1	5.126e-47
383.2	4.558e-47
383.4	4.101e-47
383.5	3.747e-47
383.7	3.371e-47
383.8	3.070e-47
384.0	2.676e-47
384.1	2.421e-47
384.3	2.091e-47
384.4	1.952e-47
384.6	1.755e-47
384.7	1.587e-47
384.9	1.460e-47
385.0	1.309e-47
385.2	1.239e-47
385.3	9.904e-48
385.5	9.556e-48
385.6	8.977e-48
385.8	8.514e-48
385.9	7.935e-48
386.1	6.834e-48
386.2	7.066e-48
386.4	6.545e-48
386.5	6.718e-48
386.7	5.966e-48
386.8	5.618e-48
387.0	5.097e-48
387.1	5.386e-48
387.3	5.155e-48
387.4	5.618e-48
387.6	4.749e-48
387.7	4.865e-48
387.9	4.344e-48
388.0	4.633e-48
388.2	4.691e-48
388.3	4.460e-48
388.5	4.170e-48
388.6	4.054e-48
388.8	3.765e-48
388.9	4.228e-48
389.1	3.823e-48
389.2	3.707e-48
389.4	3.359e-48
389.5	4.112e-48
389.7	3.996e-48
389.8	3.996e-48
390.0	3.185e-48
390.1	3.707e-48
390.3	3.359e-48
390.4	3.707e-48
390.6	2.838e-48
390.7	3.128e-48
390.9	2.548e-48
391.0	3.012e-48
391.2	2.780e-48
391.3	2.838e-48
391.5	2.201e-48
391.6	2.201e-48
391.8	2.317e-48
391.9	2.606e-48
392.1	2.085e-48
392.2	1.911e-48
392.4	1.564e-48
392.5	1.680e-48
392.7	1.506e-48
392.8	1.448e-48
393.0	1.506e-48
393.1	1.506e-48
393.3	1.622e-48
393.4	1.216e-48
393.6	1.274e-48
393.7	9.846e-49
393.9	1.100e-48
394.0	9.267e-49
394.2	1.100e-48
394.3	1.274e-48
394.5	9.846e-49
394.6	8.688e-49
394.8	6.950e-49
394.9	1.043e-48
395.1	8.108e-49
395.2	9.846e-49
395.4	6.950e-49
395.5	1.100e-48
395.7	5.792e-49
395.8	4.633e-49
396.0	5.792e-50
396.1	4.054e-49
396.3	2.896e-49
396.4	2.896e-49
396.6	-9.582e-69
396.7	1.738e-49
396.9	2.317e-49
397.0	2.896e-49
397.2	3.475e-49
397.3	4.054e-49
397.5	5.213e-49
397.6	5.213e-49
397.8	6.371e-49
397.9	6.371e-49
398.1	6.950e-49
398.2	5.213e-49
398.4	6.950e-49
398.5	7.529e-49
398.7	9.267e-49
398.8	8.688e-49
399.0	9.267e-49
399.1	9.846e-49
399.3	1.043e-48
399.4	1.100e-48
399.6	1.158e-48
399.7	1.100e-48
399.9	9.267e-49
400.0	3.007e-48
400.2	3.360e-48
400.3	3.537e-48
400.5	3.302e-48
400.6	3.243e-48
400.8	3.302e-48
400.9	3.243e-48
401.1	3.302e-48
401.2	3.125e-48
401.4	3.184e-48
401.5	2.830e-48
401.7	3.066e-48
401.8	3.184e-48
402.0	3.243e-48
402.1	3.066e-48
402.3	3.184e-48
402.4	3.066e-48
402.6	3.125e-48
402.7	3.125e-48
402.9	3.360e-48
403.0	3.125e-48
403.2	3.066e-48
403.3	3.125e-48
403.5	3.360e-48
403.6	3.360e-48
403.8	3.302e-48
403.9	3.066e-48
404.1	2.948e-48
404.2	3.066e-48
404.4	3.302e-48
404.5	3.243e-48
404.7	3.184e-48
404.8	3.419e-48
405.0	3.596e-48
405.1	3.655e-48
405.3	3.184e-48
405.4	3.243e-48
405.6	3.125e-48
405.7	3.419e-48
405.8	3.478e-48
406.0	3.419e-48
406.1	3.184e-48
406.3	3.007e-48
406.4	3.125e-48
406.6	3.243e-48
406.7	3.125e-48
406.9	3.066e-48
407.0	2.889e-48
407.2	2.594e-48
407.3	2.417e-48
407.5	2.594e-48
407.6	2.417e-48
407.8	2.358e-48
407.9	2.181e-48
408.1	2.417e-48
408.2	2.417e-48
408.4	2.240e-48
408.5	2.299e-48
408.6	1.887e-48
408.8	2.004e-48
408.9	1.769e-48
409.1	2.240e-48
409.2	2.063e-48
409.4	2.004e-48
409.5	2.004e-48
409.7	1.887e-48
409.8	2.063e-48
409.9	1.828e-48
410.1	1.946e-48
410.2	1.887e-48
410.4	2.004e-48
410.5	1.946e-48
410.7	2.063e-48
410.8	1.828e-48
411.0	2.063e-48
411.1	2.004e-48
411.3	2.417e-48
411.4	2.476e-48
411.5	2.417e-48
411.7	2.535e-48
411.8	2.358e-48
412.0	2.771e-48
412.1	2.299e-48
412.3	2.358e-48
412.4	2.122e-48
412.6	2.535e-48
412.7	2.417e-48
412.8	2.653e-48
413.0	2.476e-48
413.1	2.594e-48
413.3	2.417e-48
413.4	2.417e-48
413.6	2.653e-48
413.7	2.594e-48
413.9	2.889e-48
414.0	2.830e-48
414.1	2.889e-48
414.3	2.948e-48
414.4	3.007e-48
414.6	3.066e-48
414.7	2.889e-48
414.9	2.830e-48
415.0	2.712e-48
415.2	2.948e-48
415.3	3.125e-48
415.4	3.360e-48
415.6	3.478e-48
415.7	3.419e-48
415.9	3.596e-48
416.0	3.773e-48
416.2	4.127e-48
416.3	4.304e-48
416.5	4.481e-48
416.6	4.599e-48
416.7	4.834e-48
416.9	4.775e-48
417.0	4.893e-48
417.2	5.247e-48
417.3	5.601e-48
417.5	5.365e-48
417.6	5.365e-48
417.8	5.188e-48
417.9	5.483e-48
418.0	5.542e-48
418.2	5.837e-48
418.3	5.955e-48
418.5	6.131e-48
418.6	6.367e-48
418.8	6.308e-48
418.9	6.603e-48
419.1	6.898e-48
419.2	7.252e-48
419.4	7.369e-48
419.5	7.193e-48
419.6	7.782e-48
419.8	7.664e-48
419.9	7.841e-48
420.1	8.018e-48
420.2	8.018e-48
420.4	8.077e-48
420.5	8.136e-48
420.7	8.136e-48
420.8	8.666e-48
420.9	7.959e-48
421.1	8.490e-48
421.2	7.605e-48
421.4	8.077e-48
421.5	7.546e-48
421.7	8.018e-48
421.8	7.428e-48
422.0	7.723e-48
422.1	7.075e-48
422.2	7.546e-48
422.4	7.193e-48
422.5	7.134e-48
422.7	6.780e-48
422.8	6.721e-48
423.0	6.780e-48
423.1	6.544e-48
423.3	6.249e-48
423.4	6.249e-48
423.5	6.367e-48
423.7	6.249e-48
423.8	6.249e-48
424.0	5.778e-48
424.1	6.131e-48
424.3	5.778e-48
424.4	6.131e-48
424.6	6.131e-48
424.7	6.308e-48
424.8	6.662e-48
425.0	6.308e-48
425.1	6.544e-48
425.3	6.485e-48
425.4	7.016e-48
425.6	6.780e-48
425.7	6.662e-48
425.9	6.898e-48
426.0	6.957e-48
426.1	7.016e-48
426.3	6.898e-48
426.4	6.957e-48
426.6	6.957e-48
426.7	6.662e-48
426.9	7.016e-48
427.0	7.487e-48
427.2	7.605e-48
427.3	7.546e-48
427.5	7.369e-48
427.6	7.369e-48
427.7	7.664e-48
427.9	7.664e-48
428.0	7.723e-48
428.2	7.546e-48
428.3	7.605e-48
428.5	7.546e-48
428.6	7.900e-48
428.8	7.723e-48
428.9	8.195e-48
429.0	7.782e-48
429.2	8.077e-48
429.3	7.959e-48
429.5	8.313e-48
429.6	8.254e-48
429.8	8.313e-48
429.9	8.313e-48
430.1	8.431e-48
430.2	8.313e-48
430.3	8.608e-48
430.5	8.549e-48
430.6	8.784e-48
430.8	8.372e-48
430.9	8.549e-48
431.1	8.431e-48
431.2	8.725e-48
431.4	8.784e-48
431.5	8.843e-48
431.6	8.725e-48
431.8	8.843e-48
431.9	8.784e-48
432.1	8.902e-48
432.2	8.902e-48
432.4	8.902e-48
432.5	9.197e-48
432.7	9.256e-48
432.8	9.315e-48
432.9	9.197e-48
433.1	9.197e-48
433.2	9.256e-48
433.4	9.138e-48
433.5	9.197e-48
433.7	9.138e-48
433.8	9.256e-48
434.0	9.315e-48
434.1	9.374e-48
434.2	9.433e-48
434.4	9.610e-48
434.5	9.610e-48
434.7	9.433e-48
434.8	9.315e-48
435.0	9.492e-48
435.1	9.492e-48
435.3	9.551e-48
435.4	9.610e-48
435.6	9.610e-48
435.7	9.728e-48
435.8	9.905e-48
436.0	1.002e-47
436.1	9.846e-48
436.3	1.002e-47
436.4	1.038e-47
436.6	1.049e-47
436.7	1.067e-47
436.8	1.067e-47
437.0	1.085e-47
437.1	1.102e-47
437.3	1.114e-47
437.4	1.150e-47
437.5	1.144e-47
437.7	1.156e-47
437.8	1.173e-47
438.0	1.209e-47
438.1	1.226e-47
438.3	1.209e-47
438.4	1.220e-47
438.5	1.273e-47
438.7	1.279e-47
438.8	1.309e-47
439.0	1.297e-47
439.1	1.374e-47
439.2	1.380e-47
439.4	1.397e-47
439.5	1.415e-47
439.7	1.456e-47
439.8	1.492e-47
440.0	1.533e-47
440.1	1.562e-47
440.2	1.604e-47
440.4	1.621e-47
440.5	1.686e-47
440.7	1.751e-47
440.8	1.769e-47
441.0	1.834e-47
441.1	1.863e-47
441.2	1.957e-47
441.4	1.969e-47
441.5	2.052e-47
441.7	2.105e-47
441.8	2.181e-47
441.9	2.211e-47
442.1	2.311e-47
442.2	2.388e-47
442.4	2.482e-47
442.5	2.559e-47
442.7	2.641e-47
442.8	2.712e-47
442.9	2.765e-47
443.1	2.848e-47
443.2	2.912e-47
443.4	3.001e-47
443.5	3.107e-47
443.7	3.237e-47
443.8	3.343e-47
443.9	3.419e-47
444.1	3.543e-47
444.2	3.649e-47
444.4	3.744e-47
444.5	3.844e-47
444.6	4.003e-47
444.8	4.162e-47
444.9	4.310e-47
445.1	4.451e-47
445.2	4.657e-47
445.4	4.840e-47
445.5	5.005e-47
445.6	5.182e-47
445.8	5.371e-47
445.9	5.577e-47
446.1	5.660e-47
446.2	5.813e-47
446.4	5.937e-47
446.5	6.072e-47
446.6	6.084e-47
446.8	6.072e-47
446.9	6.049e-47
447.1	6.013e-47
447.2	5.913e-47
447.3	5.766e-47
447.5	5.613e-47
447.6	5.501e-47
447.8	5.330e-47
447.9	5.170e-47
448.1	4.952e-47
448.2	4.770e-47
448.3	4.557e-47
448.5	4.351e-47
448.6	4.127e-47
448.8	3.926e-47
448.9	3.744e-47
449.1	3.573e-47
449.2	3.384e-47
449.3	3.207e-47
449.5	3.048e-47
449.6	2.907e-47
449.8	2.765e-47
449.9	2.629e-47
450.0	2.488e-47
450.2	2.341e-47
450.3	2.223e-47
450.5	2.111e-47
450.6	2.004e-47
450.8	1.887e-47
450.9	1.792e-47
451.0	1.716e-47
451.2	1.627e-47
451.3	1.551e-47
451.5	1.474e-47
451.6	1.444e-47
451.7	1.380e-47
451.9	1.315e-47
452.0	1.273e-47
452.2	1.220e-47
452.3	1.203e-47
452.5	1.156e-47
452.6	1.144e-47
452.7	1.097e-47
452.9	1.079e-47
453.0	1.044e-47
453.2	1.032e-47
453.3	9.846e-48
453.5	9.905e-48
453.6	9.905e-48
453.7	9.846e-48
453.9	9.669e-48
454.0	9.787e-48
454.2	9.669e-48
454.3	9.551e-48
454.4	9.433e-48
454.6	9.374e-48
454.7	9.079e-48
454.9	9.138e-48
455.1	9.138e-48
455.2	9.433e-48
455.4	9.138e-48
455.5	9.433e-48
455.7	9.433e-48
455.8	9.728e-48
456.0	1.002e-47
456.1	9.787e-48
456.3	9.669e-48
456.4	9.551e-48
456.5	9.374e-48
456.7	9.197e-48
456.8	9.551e-48
457.0	9.197e-48
457.1	9.197e-48
457.3	8.843e-48
457.4	8.725e-48
457.6	9.197e-48
457.7	9.256e-48
457.9	9.905e-48
458.0	8.843e-48
458.2	9.374e-48
458.3	9.079e-48
458.4	1.008e-47
458.6	9.905e-48
458.7	9.964e-48
458.9	9.787e-48
459.0	1.014e-47
459.2	1.002e-47
459.3	1.055e-47
459.5	1.026e-47
459.6	1.073e-47
459.8	1.032e-47
459.9	1.108e-47
460.1	1.097e-47
460.2	1.097e-47
460.3	1.061e-47
460.5	1.091e-47
460.6	1.120e-47
460.8	1.144e-47
460.9	1.156e-47
461.1	1.226e-47
461.2	1.262e-47
461.4	1.285e-47
461.5	1.279e-47
461.7	1.303e-47
461.8	1.391e-47
462.0	1.403e-47
462.1	1.456e-47
462.2	1.480e-47
462.4	1.568e-47
462.5	1.592e-47
462.7	1.627e-47
462.8	1.686e-47
463.0	1.698e-47
463.1	1.757e-47
463.3	1.792e-47
463.4	1.904e-47
463.6	1.916e-47
463.7	1.969e-47
463.9	1.999e-47
464.0	2.063e-47
464.1	2.134e-47
464.3	2.187e-47
464.4	2.258e-47
464.6	2.323e-47
464.7	2.411e-47
464.9	2.494e-47
465.0	2.553e-47
465.2	2.635e-47
465.3	2.712e-47
465.5	2.824e-47
465.6	2.883e-47
465.8	2.995e-47
465.9	3.072e-47
466.0	3.213e-47
466.2	3.325e-47
466.3	3.478e-47
466.5	3.579e-47
466.6	3.714e-47
466.8	3.862e-47
466.9	4.056e-47
467.1	4.215e-47
467.2	4.363e-47
467.4	4.540e-47
467.5	4.705e-47
467.7	4.935e-47
467.8	5.141e-47
468.0	5.400e-47
468.1	5.624e-47
468.3	5.890e-47
468.4	6.120e-47
468.6	6.438e-47
468.7	6.709e-47
468.9	7.039e-47
469.0	7.369e-47
469.2	7.735e-47
469.3	8.065e-47
469.4	8.437e-47
469.6	8.826e-47
469.7	9.262e-47
469.9	9.710e-47
470.0	1.017e-46
470.2	1.067e-46
470.3	1.109e-46
470.5	1.163e-46
470.6	1.218e-46
470.8	1.278e-46
470.9	1.336e-46
471.0	1.394e-46
471.2	1.462e-46
471.3	1.522e-46
471.5	1.592e-46
471.6	1.658e-46
471.8	1.734e-46
471.9	1.802e-46
472.1	1.876e-46
472.2	1.948e-46
472.3	2.025e-46
472.5	2.096e-46
472.6	2.175e-46
472.8	2.245e-46
472.9	2.330e-46
473.1	2.406e-46
473.2	2.494e-46
473.4	2.572e-46
473.5	2.659e-46
473.6	2.745e-46
473.8	2.839e-46
473.9	2.932e-46
474.1	3.043e-46
474.2	3.152e-46
474.4	3.284e-46
474.5	3.406e-46
474.7	3.552e-46
474.8	3.698e-46
474.9	3.872e-46
475.1	4.046e-46
475.2	4.238e-46
475.4	4.431e-46
475.5	4.643e-46
475.7	4.851e-46
475.8	5.078e-46
476.0	5.287e-46
476.1	5.508e-46
476.2	5.693e-46
476.4	5.882e-46
476.5	6.023e-46
476.7	6.156e-46
476.8	6.229e-46
477.0	6.293e-46
477.1	6.300e-46
477.3	6.296e-46
477.4	6.243e-46
477.5	6.184e-46
477.7	6.086e-46
477.8	5.983e-46
478.0	5.844e-46
478.1	5.709e-46
478.3	5.540e-46
478.4	5.387e-46
478.6	5.202e-46
478.7	5.035e-46
478.8	4.830e-46
479.0	4.643e-46
479.1	4.439e-46
479.3	4.254e-46
479.4	4.046e-46
479.6	3.847e-46
479.7	3.643e-46
479.9	3.460e-46
480.0	3.264e-46
480.2	3.083e-46
480.3	2.896e-46
480.5	2.728e-46
480.6	2.556e-46
480.8	2.399e-46
480.9	2.240e-46
481.1	2.095e-46
481.2	1.955e-46
481.4	1.822e-46
481.5	1.693e-46
481.7	1.575e-46
481.8	1.460e-46
482.0	1.360e-46
482.1	1.256e-46
482.3	1.171e-46
482.4	1.081e-46
482.5	1.004e-46
482.7	9.297e-47
482.8	8.625e-47
483.0	7.965e-47
483.1	7.387e-47
483.3	6.815e-47
483.4	6.320e-47
483.5	5.772e-47
483.7	5.359e-47
483.8	4.946e-47
484.0	4.593e-47
484.1	4.233e-47
484.3	3.909e-47
484.4	3.649e-47
484.6	3.355e-47
484.7	3.107e-47
484.8	2.836e-47
485.0	2.641e-47
485.1	2.447e-47
485.3	2.264e-47
485.4	2.117e-47
485.6	1.963e-47
485.7	1.828e-47
485.9	1.657e-47
486.0	1.533e-47
486.1	1.427e-47
486.3	1.362e-47
486.4	1.250e-47
486.6	1.156e-47
486.7	1.132e-47
486.9	1.032e-47
487.0	9.905e-48
487.1	9.020e-48
487.3	9.197e-48
487.4	8.549e-48
487.6	8.490e-48
487.7	8.077e-48
487.9	8.490e-48
488.0	7.959e-48
488.2	8.608e-48
488.3	7.959e-48
488.4	7.959e-48
488.6	7.310e-48
488.7	7.252e-48
488.9	7.134e-48
489.0	7.428e-48
489.2	7.841e-48
489.3	7.605e-48
489.5	7.193e-48
489.6	7.310e-48
489.7	7.605e-48
489.9	7.664e-48
490.0	7.369e-48
490.2	7.841e-48
490.3	7.900e-48
490.5	7.723e-48
490.6	7.428e-48
490.7	7.310e-48
490.9	7.487e-48
491.0	7.252e-48
491.2	7.664e-48
491.3	7.782e-48
491.5	7.723e-48
491.6	7.487e-48
491.8	7.782e-48
491.9	8.254e-48
492.0	8.254e-48
492.2	8.254e-48
492.3	8.077e-48
492.5	8.666e-48
492.6	8.431e-48
492.8	8.961e-48
492.9	8.372e-48
493.1	8.961e-48
493.2	9.256e-48
493.3	9.787e-48
493.5	9.846e-48
493.6	9.905e-48
493.8	1.026e-47
493.9	1.061e-47
494.1	1.085e-47
494.2	1.102e-47
494.3	1.108e-47
494.5	1.138e-47
494.6	1.126e-47
494.8	1.167e-47
494.9	1.156e-47
495.1	1.197e-47
495.2	1.179e-47
495.4	1.161e-47
495.5	1.161e-47
495.6	1.167e-47
495.8	1.161e-47
495.9	1.120e-47
496.1	1.091e-47
496.2	1.044e-47
496.4	1.020e-47
496.5	9.905e-48
496.6	9.669e-48
496.8	9.551e-48
496.9	8.961e-48
497.1	8.784e-48
497.2	8.018e-48
497.4	7.782e-48
497.5	7.193e-48
497.7	7.075e-48
497.8	7.252e-48
497.9	6.721e-48
498.1	6.249e-48
498.2	5.719e-48
498.4	5.955e-48
498.5	6.131e-48
498.7	5.896e-48
498.8	5.719e-48
499.0	5.660e-48
499.1	5.660e-48
499.2	5.719e-48
499.4	5.424e-48
499.5	5.483e-48
499.7	5.365e-48
499.8	5.719e-48
500.0	4.650e-48
500.1	5.008e-48
500.2	4.949e-48
500.4	5.008e-48
500.5	5.068e-48
500.7	5.187e-48
500.8	5.247e-48
501.0	4.949e-48
501.1	4.770e-48
501.3	4.650e-48
501.4	4.591e-48
501.5	4.770e-48
501.7	4.829e-48
501.8	4.949e-48
502.0	4.412e-48
502.1	4.173e-48
502.3	4.054e-48
502.4	4.173e-48
502.6	4.054e-48
502.7	3.696e-48
502.8	3.398e-48
503.0	3.518e-48
503.1	3.875e-48
503.3	3.637e-48
503.4	3.279e-48
503.6	3.100e-48
503.7	3.458e-48
503.8	3.637e-48
504.0	3.518e-48
504.1	3.518e-48
504.3	3.637e-48
504.4	3.935e-48
504.6	4.173e-48
504.7	4.293e-48
504.9	4.531e-48
505.0	4.650e-48
505.1	5.008e-48
505.3	5.068e-48
505.4	5.425e-48
505.6	5.485e-48
505.7	5.545e-48
505.9	5.485e-48
506.0	5.843e-48
506.2	6.379e-48
506.3	6.499e-48
506.4	6.439e-48
506.6	6.320e-48
506.7	6.737e-48
506.9	6.856e-48
507.0	6.737e-48
507.2	6.618e-48
507.3	6.737e-48
507.4	7.035e-48
507.6	6.976e-48
507.7	6.797e-48
507.9	6.797e-48
508.0	6.856e-48
508.2	6.976e-48
508.3	6.678e-48
508.5	6.558e-48
508.6	6.618e-48
508.7	6.856e-48
508.9	7.274e-48
509.0	7.214e-48
509.2	7.453e-48
509.3	7.751e-48
509.5	7.810e-48
509.6	7.810e-48
509.7	7.870e-48
509.9	8.287e-48
510.0	8.764e-48
510.2	8.645e-48
510.3	9.122e-48
510.4	9.182e-48
510.6	9.718e-48
510.7	9.718e-48
510.9	1.008e-47
511.0	1.037e-47
511.2	1.049e-47
511.3	1.067e-47
511.4	1.067e-47
511.6	1.115e-47
511.7	1.133e-47
511.9	1.145e-47
512.0	1.175e-47
512.1	1.186e-47
512.3	1.222e-47
512.4	1.216e-47
512.6	1.246e-47
512.7	1.240e-47
512.9	1.270e-47
513.0	1.276e-47
513.1	1.324e-47
513.3	1.324e-47
513.4	1.353e-47
513.6	1.347e-47
513.7	1.377e-47
513.9	1.371e-47
514.0	1.395e-47
514.1	1.431e-47
514.3	1.455e-47
514.4	1.443e-47
514.6	1.443e-47
514.7	1.473e-47
514.8	1.496e-47
515.0	1.502e-47
515.1	1.491e-47
515.3	1.526e-47
515.4	1.556e-47
515.6	1.574e-47
515.7	1.598e-47
515.8	1.592e-47
516.0	1.622e-47
516.1	1.622e-47
516.3	1.657e-47
516.4	1.693e-47
516.5	1.729e-47
516.7	1.753e-47
516.8	1.783e-47
517.0	1.824e-47
517.1	1.866e-47
517.3	1.902e-47
517.4	1.932e-47
517.5	1.944e-47
517.7	1.979e-47
517.8	2.015e-47
518.0	2.057e-47
518.1	2.075e-47
518.3	2.122e-47
518.4	2.146e-47
518.5	2.206e-47
518.7	2.218e-47
518.8	2.278e-47
519.0	2.289e-47
519.1	2.337e-47
519.2	2.331e-47
519.4	2.355e-47
519.5	2.361e-47
519.7	2.421e-47
519.8	2.438e-47
520.0	2.486e-47
520.1	2.516e-47
520.2	2.558e-47
520.4	2.593e-47
520.5	2.635e-47
520.7	2.677e-47
520.8	2.725e-47
520.9	2.766e-47
521.1	2.981e-47
521.2	3.070e-47
521.4	3.160e-47
521.5	3.249e-47
521.7	3.339e-47
521.8	3.428e-47
521.9	3.518e-47
522.1	3.577e-47
522.2	3.756e-47
522.4	3.935e-47
522.5	4.114e-47
522.7	4.293e-47
522.8	4.472e-47
522.9	4.650e-47
523.1	4.919e-47
523.2	5.008e-47
523.4	5.187e-47
523.5	5.306e-47
523.6	5.425e-47
523.8	5.604e-47
523.9	5.813e-47
524.1	5.992e-47
524.2	6.201e-47
524.4	6.379e-47
524.5	6.588e-47
524.6	6.797e-47
524.8	7.035e-47
524.9	7.274e-47
525.2	7.393e-47
525.3	7.506e-47
525.5	7.721e-47
525.6	7.834e-47
525.8	7.924e-47
525.9	8.037e-47
526.1	8.222e-47
526.2	8.377e-47
526.3	8.496e-47
526.5	8.639e-47
526.6	8.842e-47
526.8	9.021e-47
526.9	9.205e-47
527.1	9.283e-47
527.2	9.468e-47
527.4	9.605e-47
527.5	9.849e-47
527.7	9.957e-47
527.8	1.015e-46
527.9	1.028e-46
528.1	1.048e-46
528.2	1.063e-46
528.4	1.079e-46
528.5	1.095e-46
528.7	1.112e-46
528.8	1.129e-46
529.0	1.148e-46
529.1	1.160e-46
529.2	1.179e-46
529.4	1.193e-46
529.5	1.210e-46
529.7	1.221e-46
529.8	1.232e-46
530.0	1.245e-46
530.1	1.265e-46
530.3	1.281e-46
530.4	1.293e-46
530.6	1.300e-46
530.7	1.312e-46
530.8	1.322e-46
531.0	1.332e-46
531.1	1.338e-46
531.3	1.350e-46
531.4	1.359e-46
531.6	1.368e-46
531.7	1.372e-46
531.9	1.375e-46
532.0	1.375e-46
532.1	1.383e-46
532.3	1.384e-46
532.4	1.384e-46
532.6	1.378e-46
532.7	1.378e-46
532.9	1.375e-46
533.0	1.372e-46
533.2	1.360e-46
533.3	1.350e-46
533.5	1.333e-46
533.6	1.319e-46
533.7	1.298e-46
533.9	1.273e-46
534.0	1.244e-46
534.2	1.220e-46
534.3	1.195e-46
534.5	1.167e-46
534.6	1.126e-46
534.8	1.093e-46
534.9	1.061e-46
535.0	1.037e-46
535.2	1.003e-46
535.3	9.700e-47
535.5	9.378e-47
535.6	9.116e-47
535.8	8.854e-47
535.9	8.609e-47
536.1	8.299e-47
536.2	8.037e-47
536.4	7.852e-47
536.5	7.691e-47
536.6	7.488e-47
536.8	7.268e-47
536.9	7.089e-47
537.1	6.934e-47
537.2	6.797e-47
537.4	6.612e-47
537.5	6.481e-47
537.7	6.379e-47
537.8	6.290e-47
537.9	6.171e-47
538.1	5.998e-47
538.2	5.896e-47
538.4	5.837e-47
538.5	5.783e-47
538.7	5.706e-47
538.8	5.557e-47
539.0	5.425e-47
539.1	5.402e-47
539.3	5.360e-47
539.4	5.300e-47
539.5	5.169e-47
539.7	5.080e-47
539.8	5.026e-47
540.0	5.002e-47
540.1	4.972e-47
540.3	4.883e-47
540.4	4.782e-47
540.6	4.752e-47
540.7	4.758e-47
540.8	4.710e-47
541.0	4.650e-47
541.1	4.585e-47
541.3	4.561e-47
541.4	4.537e-47
541.6	4.513e-47
541.7	4.454e-47
541.9	4.400e-47
542.0	4.430e-47
542.2	4.448e-47
542.3	4.430e-47
542.4	4.317e-47
542.6	4.299e-47
542.7	4.293e-47
542.9	4.328e-47
543.0	4.299e-47
543.2	4.281e-47
543.3	4.263e-47
543.5	4.305e-47
543.6	4.334e-47
543.7	4.346e-47
543.9	4.311e-47
544.0	4.293e-47
544.2	4.269e-47
544.3	4.311e-47
544.5	4.293e-47
544.6	4.311e-47
544.8	4.263e-47
544.9	4.293e-47
545.1	4.311e-47
545.2	4.346e-47
545.3	4.305e-47
545.5	4.281e-47
545.6	4.281e-47
545.8	4.370e-47
545.9	4.382e-47
546.1	4.346e-47
546.2	4.293e-47
546.4	4.317e-47
546.5	4.376e-47
546.7	4.370e-47
546.8	4.346e-47
546.9	4.328e-47
547.1	4.311e-47
547.2	4.340e-47
547.4	4.311e-47
547.5	4.334e-47
547.7	4.275e-47
547.8	4.311e-47
548.0	4.334e-47
548.1	4.358e-47
548.2	4.299e-47
548.4	4.263e-47
548.5	4.269e-47
548.7	4.322e-47
548.8	4.334e-47
549.0	4.334e-47
549.1	4.293e-47
549.3	4.299e-47
549.4	4.317e-47
549.6	4.340e-47
549.7	4.340e-47
549.8	4.340e-47
550.0	4.364e-47
550.1	4.418e-47
550.3	4.472e-47
550.4	4.483e-47
550.6	4.442e-47
550.7	4.448e-47
550.9	4.519e-47
551.0	4.591e-47
551.1	4.603e-47
551.3	4.579e-47
551.4	4.591e-47
551.6	4.698e-47
551.7	4.734e-47
551.9	4.776e-47
552.0	4.740e-47
552.2	4.782e-47
552.3	4.829e-47
552.5	4.925e-47
552.6	5.002e-47
552.7	5.044e-47
552.9	5.044e-47
553.0	5.062e-47
553.2	5.127e-47
553.3	5.211e-47
553.5	5.264e-47
553.6	5.276e-47
553.8	5.324e-47
553.9	5.378e-47
554.0	5.443e-47
554.2	5.521e-47
554.3	5.563e-47
554.5	5.580e-47
554.6	5.622e-47
554.8	5.724e-47
554.9	5.837e-47
555.1	5.849e-47
555.2	5.867e-47
555.4	5.944e-47
555.5	6.051e-47
555.6	6.165e-47
555.8	6.236e-47
555.9	6.242e-47
556.1	6.338e-47
556.2	6.457e-47
556.4	6.600e-47
556.5	6.654e-47
556.7	6.672e-47
556.8	6.785e-47
556.9	6.922e-47
557.1	7.071e-47
557.2	7.160e-47
557.4	7.238e-47
557.5	7.274e-47
557.7	7.423e-47
557.8	7.584e-47
558.0	7.786e-47
558.1	7.846e-47
558.3	7.930e-47
558.4	8.043e-47
558.5	8.269e-47
558.7	8.460e-47
558.8	8.615e-47
559.0	8.722e-47
559.1	8.919e-47
559.3	9.110e-47
559.4	9.337e-47
559.6	9.515e-47
559.7	9.682e-47
559.8	9.849e-47
560.0	1.006e-46
560.1	1.031e-46
560.3	1.061e-46
560.4	1.079e-46
560.6	1.100e-46
560.7	1.118e-46
560.9	1.147e-46
561.0	1.176e-46
561.2	1.206e-46
561.3	1.229e-46
561.4	1.252e-46
561.6	1.278e-46
561.7	1.315e-46
561.9	1.349e-46
562.0	1.381e-46
562.2	1.404e-46
562.3	1.440e-46
562.5	1.478e-46
562.6	1.523e-46
562.7	1.555e-46
562.9	1.591e-46
563.0	1.625e-46
563.2	1.673e-46
563.3	1.719e-46
563.5	1.770e-46
563.6	1.807e-46
563.8	1.852e-46
563.9	1.894e-46
564.1	1.956e-46
564.2	2.008e-46
564.3	2.066e-46
564.5	2.109e-46
564.6	2.170e-46
564.8	2.225e-46
564.9	2.297e-46
565.1	2.354e-46
565.2	2.421e-46
565.4	2.477e-46
565.5	2.552e-46
565.6	2.622e-46
565.8	2.702e-46
565.9	2.769e-46
566.1	2.848e-46
566.2	2.915e-46
566.4	3.010e-46
566.5	3.088e-46
566.7	3.186e-46
566.8	3.258e-46
567.0	3.355e-46
567.1	3.442e-46
567.2	3.550e-46
567.4	3.638e-46
567.5	3.747e-46
567.7	3.835e-46
567.8	3.949e-46
568.0	4.043e-46
568.1	4.165e-46
568.3	4.267e-46
568.4	4.391e-46
568.5	4.493e-46
568.7	4.621e-46
568.8	4.730e-46
569.0	4.869e-46
569.1	4.978e-46
569.3	5.114e-46
569.4	5.223e-46
569.6	5.365e-46
569.7	5.484e-46
569.9	5.634e-46
570.0	5.753e-46
570.1	5.899e-46
570.3	6.019e-46
570.4	6.174e-46
570.6	6.300e-46
570.7	6.456e-46
570.9	6.577e-46
571.0	6.730e-46
571.2	6.849e-46
571.3	7.015e-46
571.4	7.144e-46
571.6	7.300e-46
571.7	7.417e-46
571.9	7.572e-46
572.0	7.702e-46
572.2	7.865e-46
572.3	7.983e-46
572.5	8.140e-46
572.6	8.256e-46
572.8	8.412e-46
572.9	8.526e-46
573.0	8.682e-46
573.2	8.790e-46
573.3	8.935e-46
573.5	9.034e-46
573.6	9.182e-46
573.8	9.285e-46
573.9	9.428e-46
574.1	9.518e-46
574.2	9.647e-46
574.3	9.728e-46
574.5	9.859e-46
574.6	9.938e-46
574.8	1.006e-45
574.9	1.012e-45
575.1	1.023e-45
575.2	1.029e-45
575.4	1.039e-45
575.5	1.045e-45
575.7	1.055e-45
575.8	1.058e-45
575.9	1.067e-45
576.1	1.070e-45
576.2	1.079e-45
576.4	1.081e-45
576.5	1.089e-45
576.7	1.089e-45
576.8	1.095e-45
577.0	1.095e-45
577.1	1.099e-45
577.3	1.097e-45
577.4	1.100e-45
577.6	1.096e-45
577.7	1.096e-45
577.9	1.089e-45
578.0	1.087e-45
578.2	1.077e-45
578.3	1.071e-45
578.5	1.057e-45
578.6	1.047e-45
578.8	1.029e-45
578.9	1.016e-45
579.1	9.938e-46
579.2	9.756e-46
579.4	9.498e-46
579.5	9.283e-46
579.6	9.004e-46
579.8	8.768e-46
579.9	8.470e-46
580.1	8.216e-46
580.2	7.907e-46
580.3	7.652e-46
580.5	7.357e-46
580.6	7.110e-46
580.8	6.829e-46
580.9	6.584e-46
581.0	6.310e-46
581.2	6.083e-46
581.3	5.835e-46
581.5	5.628e-46
581.6	5.390e-46
581.8	5.188e-46
581.9	4.966e-46
582.0	4.786e-46
582.2	4.591e-46
582.3	4.430e-46
582.5	4.242e-46
582.6	4.082e-46
582.7	3.911e-46
582.9	3.770e-46
583.0	3.618e-46
583.2	3.488e-46
583.3	3.344e-46
583.5	3.218e-46
583.6	3.084e-46
583.7	2.974e-46
583.9	2.853e-46
584.0	2.749e-46
584.2	2.633e-46
584.3	2.533e-46
584.4	2.424e-46
584.6	2.337e-46
584.7	2.245e-46
584.9	2.162e-46
585.0	2.063e-46
585.2	1.986e-46
585.3	1.904e-46
585.4	1.833e-46
585.6	1.760e-46
585.7	1.694e-46
585.9	1.623e-46
586.0	1.554e-46
586.1	1.487e-46
586.3	1.433e-46
586.4	1.374e-46
586.6	1.324e-46
586.7	1.266e-46
586.8	1.214e-46
587.0	1.162e-46
587.1	1.120e-46
587.3	1.076e-46
587.4	1.036e-46
587.6	9.885e-47
587.7	9.480e-47
587.8	9.050e-47
588.0	8.705e-47
588.1	8.383e-47
588.3	8.073e-47
588.4	7.751e-47
588.5	7.435e-47
588.7	7.095e-47
588.8	6.850e-47
589.0	6.594e-47
589.1	6.409e-47
589.3	6.141e-47
589.4	5.849e-47
589.5	5.580e-47
589.7	5.360e-47
589.8	5.193e-47
590.0	5.002e-47
590.1	4.799e-47
590.2	4.573e-47
590.4	4.358e-47
590.5	4.197e-47
590.7	4.090e-47
590.8	3.971e-47
590.9	3.822e-47
591.1	3.667e-47
591.2	3.494e-47
591.4	3.375e-47
591.5	3.291e-47
591.7	3.220e-47
591.8	3.100e-47
591.9	2.939e-47
592.1	2.808e-47
592.2	2.743e-47
592.4	2.671e-47
592.5	2.635e-47
592.6	2.546e-47
592.8	2.444e-47
592.9	2.355e-47
593.1	2.307e-47
593.2	2.283e-47
593.4	2.254e-47
593.5	2.176e-47
593.6	2.099e-47
593.8	2.021e-47
593.9	1.991e-47
594.1	1.997e-47
594.2	2.003e-47
594.3	1.991e-47
594.5	1.920e-47
594.6	1.860e-47
594.8	1.830e-47
594.9	1.830e-47
595.0	1.836e-47
595.2	1.818e-47
595.3	1.789e-47
595.5	1.717e-47
595.6	1.693e-47
595.8	1.687e-47
595.9	1.729e-47
596.0	1.741e-47
596.2	1.711e-47
596.3	1.663e-47
596.5	1.640e-47
596.6	1.651e-47
596.7	1.681e-47
596.9	1.699e-47
597.0	1.717e-47
597.2	1.693e-47
597.3	1.651e-47
597.5	1.622e-47
597.6	1.651e-47
597.7	1.693e-47
597.9	1.747e-47
598.0	1.717e-47
598.2	1.711e-47
598.3	1.669e-47
598.4	1.699e-47
598.6	1.741e-47
598.7	1.783e-47
598.9	1.759e-47
599.0	1.723e-47
599.2	1.723e-47
599.3	1.771e-47
599.4	1.807e-47
599.6	1.842e-47
599.7	1.842e-47
599.9	1.812e-47
600.0	1.903e-47
600.1	1.915e-47
600.3	1.981e-47
600.4	2.016e-47
600.6	2.016e-47
600.7	2.004e-47
600.8	2.016e-47
601.0	2.064e-47
601.1	2.094e-47
601.3	2.154e-47
601.4	2.148e-47
601.6	2.136e-47
601.7	2.118e-47
601.8	2.130e-47
602.0	2.189e-47
602.1	2.267e-47
602.3	2.285e-47
602.4	2.279e-47
602.5	2.267e-47
602.7	2.297e-47
602.8	2.362e-47
603.0	2.398e-47
603.1	2.458e-47
603.3	2.458e-47
603.4	2.452e-47
603.5	2.446e-47
603.7	2.452e-47
603.8	2.494e-47
604.0	2.541e-47
604.1	2.565e-47
604.2	2.577e-47
604.4	2.547e-47
604.5	2.559e-47
604.7	2.613e-47
604.8	2.679e-47
604.9	2.732e-47
605.1	2.744e-47
605.2	2.804e-47
605.4	2.864e-47
605.5	2.923e-47
605.7	2.983e-47
605.8	3.043e-47
605.9	3.102e-47
606.1	3.579e-47
606.2	3.639e-47
606.4	3.669e-47
606.5	3.699e-47
606.6	3.758e-47
606.8	3.878e-47
606.9	4.057e-47
607.1	4.176e-47
607.2	4.236e-47
607.4	4.319e-47
607.5	4.355e-47
607.6	4.385e-47
607.8	4.415e-47
607.9	4.444e-47
608.1	4.474e-47
608.2	4.534e-47
608.3	4.564e-47
608.5	4.623e-47
608.6	4.743e-47
608.8	4.862e-47
608.9	4.952e-47
609.0	5.071e-47
609.2	5.160e-47
609.3	5.250e-47
609.5	5.369e-47
609.6	5.459e-47
609.8	5.548e-47
609.9	5.608e-47
610.0	5.667e-47
610.2	5.787e-47
610.3	5.906e-47
610.5	6.085e-47
610.6	6.204e-47
610.7	6.383e-47
610.9	6.503e-47
611.0	6.562e-47
611.2	6.741e-47
611.3	6.831e-47
611.5	6.980e-47
611.6	7.129e-47
611.7	7.338e-47
611.9	7.487e-47
612.0	7.606e-47
612.2	7.726e-47
612.3	7.875e-47
612.4	7.994e-47
612.6	8.054e-47
612.7	8.292e-47
612.9	8.591e-47
613.0	8.889e-47
613.2	9.187e-47
613.3	9.426e-47
613.4	9.664e-47
613.6	9.843e-47
613.7	1.002e-46
613.9	1.021e-46
614.0	1.039e-46
614.1	1.061e-46
614.3	1.083e-46
614.4	1.103e-46
614.6	1.122e-46
614.7	1.140e-46
614.8	1.162e-46
615.0	1.187e-46
615.1	1.213e-46
615.3	1.238e-46
615.4	1.260e-46
615.6	1.281e-46
615.7	1.305e-46
615.8	1.331e-46
616.0	1.362e-46
616.1	1.392e-46
616.3	1.423e-46
616.4	1.448e-46
616.5	1.476e-46
616.7	1.507e-46
616.8	1.542e-46
617.0	1.578e-46
617.1	1.614e-46
617.3	1.647e-46
617.4	1.682e-46
617.5	1.710e-46
617.7	1.750e-46
617.8	1.790e-46
618.0	1.836e-46
618.1	1.873e-46
618.2	1.913e-46
618.4	1.948e-46
618.5	1.991e-46
618.7	2.033e-46
618.8	2.088e-46
618.9	2.135e-46
619.1	2.185e-46
619.2	2.225e-46
619.4	2.275e-46
619.5	2.321e-46
619.7	2.382e-46
619.8	2.432e-46
619.9	2.494e-46
620.1	2.544e-46
620.2	2.606e-46
620.4	2.654e-46
620.5	2.722e-46
620.6	2.779e-46
620.8	2.852e-46
620.9	2.909e-46
621.1	2.982e-46
621.2	3.040e-46
621.4	3.113e-46
621.5	3.176e-46
621.6	3.258e-46
621.8	3.326e-46
621.9	3.408e-46
622.1	3.473e-46
622.2	3.559e-46
622.3	3.627e-46
622.5	3.718e-46
622.6	3.789e-46
622.8	3.884e-46
622.9	3.955e-46
623.0	4.051e-46
623.2	4.119e-46
623.3	4.215e-46
623.5	4.285e-46
623.6	4.385e-46
623.8	4.459e-46
623.9	4.563e-46
624.0	4.640e-46
624.2	4.740e-46
624.3	4.807e-46
624.5	4.910e-46
624.6	4.986e-46
624.7	5.095e-46
624.9	5.167e-46
625.0	5.267e-46
625.2	5.335e-46
625.3	5.436e-46
625.5	5.506e-46
625.6	5.612e-46
625.7	5.683e-46
625.9	5.784e-46
626.0	5.846e-46
626.2	5.942e-46
626.3	6.002e-46
626.4	6.098e-46
626.6	6.155e-46
626.7	6.254e-46
626.9	6.313e-46
627.0	6.405e-46
627.1	6.454e-46
627.3	6.540e-46
627.4	6.590e-46
627.6	6.676e-46
627.7	6.719e-46
627.9	6.796e-46
628.0	6.827e-46
628.1	6.894e-46
628.3	6.915e-46
628.4	6.976e-46
628.6	6.990e-46
628.7	7.048e-46
628.8	7.057e-46
629.0	7.104e-46
629.1	7.102e-46
629.3	7.142e-46
629.4	7.140e-46
629.6	7.179e-46
629.7	7.171e-46
629.8	7.200e-46
630.0	7.178e-46
630.1	7.199e-46
630.3	7.171e-46
630.4	7.186e-46
630.5	7.150e-46
630.7	7.158e-46
630.8	7.121e-46
631.0	7.120e-46
631.1	7.068e-46
631.3	7.054e-46
631.4	6.998e-46
631.5	6.984e-46
631.7	6.921e-46
631.8	6.896e-46
632.0	6.821e-46
632.1	6.787e-46
632.2	6.705e-46
632.4	6.665e-46
632.5	6.575e-46
632.7	6.526e-46
632.8	6.429e-46
632.9	6.367e-46
633.1	6.260e-46
633.2	6.194e-46
633.4	6.086e-46
633.5	6.014e-46
633.7	5.905e-46
633.8	5.829e-46
633.9	5.711e-46
634.1	5.619e-46
634.2	5.498e-46
634.4	5.410e-46
634.5	5.292e-46
634.6	5.202e-46
634.8	5.084e-46
634.9	4.989e-46
635.1	4.867e-46
635.2	4.769e-46
635.4	4.650e-46
635.5	4.561e-46
635.6	4.450e-46
635.8	4.363e-46
635.9	4.248e-46
636.1	4.157e-46
636.2	4.045e-46
636.3	3.958e-46
636.5	3.859e-46
636.6	3.776e-46
636.8	3.678e-46
636.9	3.593e-46
637.0	3.498e-46
637.2	3.414e-46
637.3	3.320e-46
637.5	3.241e-46
637.6	3.158e-46
637.7	3.083e-46
637.9	2.995e-46
638.0	2.917e-46
638.1	2.828e-46
638.3	2.754e-46
638.4	2.670e-46
638.6	2.602e-46
638.7	2.525e-46
638.8	2.463e-46
639.0	2.386e-46
639.1	2.316e-46
639.3	2.240e-46
639.4	2.177e-46
639.5	2.109e-46
639.7	2.049e-46
639.8	1.981e-46
640.0	1.921e-46
640.1	1.854e-46
640.2	1.796e-46
640.4	1.730e-46
640.5	1.675e-46
640.6	1.617e-46
640.8	1.568e-46
640.9	1.513e-46
641.1	1.462e-46
641.2	1.407e-46
641.3	1.357e-46
641.5	1.307e-46
641.6	1.264e-46
641.8	1.218e-46
641.9	1.179e-46
642.0	1.137e-46
642.2	1.094e-46
642.3	1.049e-46
642.5	1.011e-46
642.6	9.712e-47
642.7	9.372e-47
642.9	9.002e-47
643.0	8.680e-47
643.2	8.334e-47
643.3	7.988e-47
643.4	7.654e-47
643.6	7.338e-47
643.7	7.081e-47
643.8	6.837e-47
644.0	6.580e-47
644.1	6.312e-47
644.3	6.001e-47
644.4	5.751e-47
644.5	5.506e-47
644.7	5.321e-47
644.8	5.125e-47
645.0	4.952e-47
645.1	4.761e-47
645.2	4.558e-47
645.4	4.349e-47
645.5	4.158e-47
645.7	3.973e-47
645.8	3.806e-47
645.9	3.687e-47
646.1	3.573e-47
646.2	3.424e-47
646.3	3.257e-47
646.5	3.096e-47
646.6	2.971e-47
646.8	2.870e-47
646.9	2.780e-47
647.0	2.696e-47
647.2	2.601e-47
647.3	2.488e-47
647.5	2.362e-47
647.6	2.255e-47
647.7	2.172e-47
647.9	2.130e-47
648.0	2.052e-47
648.2	2.010e-47
648.3	1.933e-47
648.4	1.873e-47
648.6	1.784e-47
648.7	1.712e-47
648.9	1.670e-47
649.0	1.611e-47
649.1	1.569e-47
649.3	1.497e-47
649.4	1.462e-47
649.5	1.390e-47
649.7	1.312e-47
649.8	1.283e-47
650.0	1.265e-47
650.1	1.283e-47
650.2	1.247e-47
650.4	1.187e-47
650.5	1.122e-47
650.7	1.056e-47
650.8	1.068e-47
650.9	1.032e-47
651.1	1.008e-47
651.2	9.784e-48
651.4	9.605e-48
651.5	9.426e-48
651.6	8.650e-48
651.8	8.233e-48
651.9	7.875e-48
652.1	7.994e-48
652.2	7.815e-48
652.3	8.054e-48
652.5	7.636e-48
652.6	7.517e-48
652.7	6.861e-48
652.9	6.503e-48
653.0	6.025e-48
653.2	5.966e-48
653.3	6.025e-48
653.4	5.846e-48
653.6	5.548e-48
653.7	4.832e-48
653.9	4.415e-48
654.0	4.295e-48
654.1	4.236e-48
654.3	4.355e-48
654.4	4.176e-48
654.6	4.057e-48
654.7	3.639e-48
654.8	3.221e-48
655.0	2.625e-48
655.2	0.000e+00
655.3	1.193e-49
655.5	2.386e-49
655.6	7.159e-49
655.8	1.014e-48
655.9	1.312e-48
656.0	1.133e-48
656.2	1.849e-48
656.3	2.565e-48
656.5	3.281e-48
656.6	3.758e-48
656.8	4.176e-48
656.9	4.773e-48
657.0	4.773e-48
657.2	5.130e-48
657.3	5.190e-48
657.5	5.548e-48
657.6	5.429e-48
657.8	5.369e-48
657.9	5.250e-48
658.1	5.369e-48
658.2	5.429e-48
658.3	5.429e-48
658.5	5.369e-48
658.6	5.846e-48
658.8	5.727e-48
658.9	5.727e-48
659.1	4.952e-48
659.2	4.713e-48
659.4	4.236e-48
659.5	4.474e-48
659.6	4.176e-48
659.8	4.474e-48
659.9	3.818e-48
660.1	3.878e-48
660.2	3.341e-48
660.4	3.221e-48
660.5	2.744e-48
660.7	2.327e-48
660.8	2.148e-48
660.9	2.088e-48
661.1	2.088e-48
661.2	1.670e-48
661.4	1.133e-48
661.5	6.562e-49
661.7	2.386e-49
661.8	5.966e-50
662.0	0.000e+00
662.1	0.000e+00
662.2	0.000e+00
662.4	0.000e+00
662.5	0.000e+00
662.7	0.000e+00
662.8	0.000e+00
663.0	0.000e+00
663.1	0.000e+00
663.3	0.000e+00
663.4	0.000e+00
1005.0	0.000e+00
1005.2	4.700e-48
1005.3	4.759e-48
1005.4	4.997e-48
1005.6	5.295e-48
1005.7	5.414e-48
1005.8	5.295e-48
1006.0	5.414e-48
1006.1	5.830e-48
1006.2	6.068e-48
1006.4	6.128e-48
1006.5	5.592e-48
1006.6	5.235e-48
1006.8	4.938e-48
1006.9	5.176e-48
1007.0	5.830e-48
1007.2	6.544e-48
1007.3	6.663e-48
1007.4	6.544e-48
1007.6	6.663e-48
1007.7	7.020e-48
1007.9	7.020e-48
1008.0	6.842e-48
1008.1	6.960e-48
1008.3	7.496e-48
1008.4	7.734e-48
1008.5	8.210e-48
1008.7	8.507e-48
1008.8	9.102e-48
1008.9	8.983e-48
1009.1	9.102e-48
1009.2	8.805e-48
1009.3	9.400e-48
1009.5	9.816e-48
1009.6	1.053e-47
1009.7	1.071e-47
1009.9	1.089e-47
1010.0	1.065e-47
1010.1	1.089e-47
1010.3	1.083e-47
1010.4	1.166e-47
1010.6	1.166e-47
1010.7	1.231e-47
1010.8	1.249e-47
1011.0	1.350e-47
1011.1	1.356e-47
1011.2	1.368e-47
1011.4	1.333e-47
1011.5	1.410e-47
1011.6	1.463e-47
1011.8	1.535e-47
1011.9	1.529e-47
1012.0	1.559e-47
1012.2	1.565e-47
1012.3	1.654e-47
1012.4	1.678e-47
1012.6	1.797e-47
1012.7	1.862e-47
1012.8	1.975e-47
1013.0	1.951e-47
1013.1	1.951e-47
1013.3	1.951e-47
1013.4	2.064e-47
1013.5	2.148e-47
1013.7	2.243e-47
1013.8	2.237e-47
1013.9	2.249e-47
1014.1	2.255e-47
1014.2	2.356e-47
1014.3	2.409e-47
1014.5	2.475e-47
1014.6	2.475e-47
1014.7	2.546e-47
1014.9	2.582e-47
1015.0	2.689e-47
1015.2	2.737e-47
1015.3	2.826e-47
1015.5	2.832e-47
1015.6	2.891e-47
1015.8	2.921e-47
1015.9	3.022e-47
1016.0	3.046e-47
1016.2	3.105e-47
1016.3	3.088e-47
1016.5	3.135e-47
1016.6	3.159e-47
1016.8	3.254e-47
1016.9	3.290e-47
1017.1	3.355e-47
1017.2	3.367e-47
1017.3	3.474e-47
1017.5	3.534e-47
1017.6	3.629e-47
1017.8	3.665e-47
1017.9	3.742e-47
1018.1	3.784e-47
1018.2	3.867e-47
1018.3	3.920e-47
1018.5	3.968e-47
1018.6	3.950e-47
1018.8	4.004e-47
1018.9	4.045e-47
1019.1	4.111e-47
1019.2	4.117e-47
1019.3	4.152e-47
1019.5	4.200e-47
1019.6	4.289e-47
1019.8	4.385e-47
1019.9	4.486e-47
1020.1	4.545e-47
1020.2	4.593e-47
1020.3	4.628e-47
1020.5	4.682e-47
1020.6	4.700e-47
1020.8	4.777e-47
1020.9	4.825e-47
1021.1	4.962e-47
1021.2	5.057e-47
1021.3	5.194e-47
1021.5	5.253e-47
1021.6	5.295e-47
1021.7	5.301e-47
1021.9	5.438e-47
1022.0	5.527e-47
1022.1	5.658e-47
1022.3	5.658e-47
1022.4	5.771e-47
1022.5	5.860e-47
1022.7	6.056e-47
1022.8	6.140e-47
1022.9	6.205e-47
1023.1	6.157e-47
1023.2	6.223e-47
1023.3	6.324e-47
1023.5	6.461e-47
1023.6	6.562e-47
1023.7	6.681e-47
1023.9	6.764e-47
1024.0	6.877e-47
1024.1	6.919e-47
1024.3	6.984e-47
1024.4	7.014e-47
1024.5	7.068e-47
1024.7	7.121e-47
1024.8	7.294e-47
1025.0	7.430e-47
1025.1	7.603e-47
1025.2	7.662e-47
1025.4	7.811e-47
1025.5	7.930e-47
1025.6	8.055e-47
1025.8	8.132e-47
1025.9	8.192e-47
1026.0	8.263e-47
1026.2	8.388e-47
1026.3	8.519e-47
1026.4	8.650e-47
1026.6	8.733e-47
1026.7	8.811e-47
1026.8	8.864e-47
1027.0	8.953e-47
1027.1	9.061e-47
1027.2	9.185e-47
1027.4	9.281e-47
1027.5	9.417e-47
1027.6	9.554e-47
1027.8	9.715e-47
1027.9	9.846e-47
1028.0	9.959e-47
1028.2	1.007e-46
1028.3	1.018e-46
1028.4	1.031e-46
1028.6	1.048e-46
1028.7	1.058e-46
1028.8	1.070e-46
1029.0	1.080e-46
1029.1	1.093e-46
1029.2	1.102e-46
1029.4	1.111e-46
1029.5	1.122e-46
1029.6	1.135e-46
1029.8	1.146e-46
1029.9	1.162e-46
1030.0	1.179e-46
1030.2	1.194e-46
1030.3	1.203e-46
1030.4	1.221e-46
1030.6	1.233e-46
1030.7	1.249e-46
1030.8	1.261e-46
1031.0	1.280e-46
1031.1	1.293e-46
1031.2	1.309e-46
1031.4	1.322e-46
1031.5	1.347e-46
1031.7	1.364e-46
1031.8	1.383e-46
1031.9	1.397e-46
1032.1	1.417e-46
1032.2	1.441e-46
1032.3	1.456e-46
1032.5	1.471e-46
1032.6	1.488e-46
1032.7	1.502e-46
1032.9	1.526e-46
1033.0	1.531e-46
1033.1	1.555e-46
1033.3	1.566e-46
1033.4	1.593e-46
1033.5	1.603e-46
1033.7	1.625e-46
1033.8	1.644e-46
1033.9	1.666e-46
1034.1	1.683e-46
1034.2	1.698e-46
1034.3	1.715e-46
1034.5	1.729e-46
1034.6	1.752e-46
1034.7	1.782e-46
1034.9	1.803e-46
1035.0	1.822e-46
1035.1	1.833e-46
1035.3	1.855e-46
1035.4	1.870e-46
1035.5	1.893e-46
1035.7	1.905e-46
1035.8	1.926e-46
1035.9	1.946e-46
1036.1	1.970e-46
1036.2	1.991e-46
1036.3	2.013e-46
1036.5	2.035e-46
1036.6	2.060e-46
1036.7	2.085e-46
1036.9	2.106e-46
1037.0	2.124e-46
1037.1	2.144e-46
1037.3	2.164e-46
1037.4	2.179e-46
1037.5	2.192e-46
1037.7	2.215e-46
1037.8	2.237e-46
1037.9	2.267e-46
1038.1	2.281e-46
1038.2	2.302e-46
1038.3	2.316e-46
1038.5	2.337e-46
1038.6	2.361e-46
1038.8	2.387e-46
1038.9	2.420e-46
1039.0	2.451e-46
1039.2	2.480e-46
1039.3	2.510e-46
1039.4	2.532e-46
1039.6	2.566e-46
1039.7	2.591e-46
1039.8	2.623e-46
1040.0	2.640e-46
1040.1	2.669e-46
1040.2	2.694e-46
1040.4	2.724e-46
1040.5	2.747e-46
1040.6	2.775e-46
1040.8	2.806e-46
1040.9	2.842e-46
1041.0	2.873e-46
1041.2	2.904e-46
1041.3	2.936e-46
1041.4	2.969e-46
1041.6	2.997e-46
1041.7	3.025e-46
1041.8	3.055e-46
1042.0	3.089e-46
1042.1	3.117e-46
1042.2	3.139e-46
1042.4	3.153e-46
1042.5	3.166e-46
1042.6	3.189e-46
1042.8	3.224e-46
1042.9	3.258e-46
1043.0	3.295e-46
1043.2	3.327e-46
1043.3	3.371e-46
1043.4	3.406e-46
1043.6	3.454e-46
1043.7	3.484e-46
1043.8	3.517e-46
1044.0	3.533e-46
1044.1	3.568e-46
1044.2	3.597e-46
1044.4	3.636e-46
1044.5	3.669e-46
1044.6	3.702e-46
1044.8	3.732e-46
1044.9	3.759e-46
1045.0	3.796e-46
1045.2	3.825e-46
1045.3	3.862e-46
1045.5	3.895e-46
1045.6	3.929e-46
1045.7	3.963e-46
1045.9	3.995e-46
1046.0	4.033e-46
1046.1	4.066e-46
1046.3	4.100e-46
1046.4	4.133e-46
1046.5	4.176e-46
1046.7	4.215e-46
1046.8	4.269e-46
1046.9	4.308e-46
1047.1	4.370e-46
1047.2	4.413e-46
1047.3	4.464e-46
1047.5	4.499e-46
1047.6	4.549e-46
1047.7	4.588e-46
1047.9	4.629e-46
1048.0	4.650e-46
1048.1	4.701e-46
1048.3	4.743e-46
1048.4	4.802e-46
1048.5	4.830e-46
1048.7	4.878e-46
1048.8	4.917e-46
1048.9	4.965e-46
1049.1	4.997e-46
1049.2	5.048e-46
1049.3	5.098e-46
1049.5	5.169e-46
1049.6	5.204e-46
1049.7	5.271e-46
1049.9	5.315e-46
1050.0	5.377e-46
1050.1	5.421e-46
1050.3	5.484e-46
1050.4	5.539e-46
1050.5	5.603e-46
1050.7	5.639e-46
1050.8	5.703e-46
1050.9	5.750e-46
1051.1	5.819e-46
1051.2	5.871e-46
1051.3	5.928e-46
1051.5	5.984e-46
1051.6	6.043e-46
1051.7	6.100e-46
1051.9	6.170e-46
1052.0	6.236e-46
1052.2	6.305e-46
1052.3	6.367e-46
1052.4	6.434e-46
1052.6	6.506e-46
1052.7	6.593e-46
1052.8	6.661e-46
1053.0	6.737e-46
1053.1	6.799e-46
1053.2	6.883e-46
1053.4	6.955e-46
1053.5	7.025e-46
1053.6	7.100e-46
1053.8	7.172e-46
1053.9	7.245e-46
1054.0	7.331e-46
1054.2	7.403e-46
1054.3	7.496e-46
1054.4	7.564e-46
1054.6	7.655e-46
1054.7	7.729e-46
1054.8	7.815e-46
1055.0	7.903e-46
1055.1	7.981e-46
1055.2	8.054e-46
1055.4	8.149e-46
1055.5	8.225e-46
1055.6	8.321e-46
1055.8	8.397e-46
1055.9	8.484e-46
1056.0	8.551e-46
1056.2	8.637e-46
1056.3	8.735e-46
1056.4	8.829e-46
1056.6	8.913e-46
1056.7	8.992e-46
1056.8	9.081e-46
1057.0	9.154e-46
1057.1	9.239e-46
1057.2	9.312e-46
1057.4	9.392e-46
1057.5	9.472e-46
1057.6	9.553e-46
1057.8	9.635e-46
1057.9	9.710e-46
1058.0	9.798e-46
1058.2	9.871e-46
1058.3	9.955e-46
1058.4	1.003e-45
1058.6	1.011e-45
1058.7	1.019e-45
1058.8	1.026e-45
1059.0	1.033e-45
1059.1	1.041e-45
1059.3	1.047e-45
1059.4	1.054e-45
1059.5	1.059e-45
1059.7	1.068e-45
1059.8	1.073e-45
1059.9	1.079e-45
1060.1	1.083e-45
1060.2	1.089e-45
1060.3	1.092e-45
1060.5	1.098e-45
1060.6	1.102e-45
1060.7	1.107e-45
1060.9	1.112e-45
1061.0	1.114e-45
1061.1	1.119e-45
1061.3	1.120e-45
1061.4	1.125e-45
1061.5	1.129e-45
1061.7	1.135e-45
1061.8	1.138e-45
1061.9	1.141e-45
1062.1	1.143e-45
1062.2	1.146e-45
1062.3	1.150e-45
1062.5	1.152e-45
1062.6	1.158e-45
1062.7	1.161e-45
1062.9	1.165e-45
1063.0	1.167e-45
1063.1	1.170e-45
1063.3	1.173e-45
1063.4	1.177e-45
1063.5	1.177e-45
1063.7	1.183e-45
1063.8	1.184e-45
1063.9	1.191e-45
1064.1	1.190e-45
1064.2	1.196e-45
1064.3	1.197e-45
1064.5	1.199e-45
1064.6	1.198e-45
1064.7	1.197e-45
1064.9	1.198e-45
1065.0	1.198e-45
1065.1	1.199e-45
1065.3	1.200e-45
1065.4	1.199e-45
1065.5	1.199e-45
1065.7	1.199e-45
1065.8	1.199e-45
1066.0	1.197e-45
1066.1	1.194e-45
1066.2	1.193e-45
1066.4	1.193e-45
1066.5	1.190e-45
1066.6	1.187e-45
1066.8	1.182e-45
1066.9	1.182e-45
1067.0	1.175e-45
1067.2	1.174e-45
1067.3	1.168e-45
1067.4	1.165e-45
1067.6	1.159e-45
1067.7	1.153e-45
1067.8	1.147e-45
1068.0	1.138e-45
1068.1	1.131e-45
1068.2	1.123e-45
1068.4	1.115e-45
1068.5	1.108e-45
1068.6	1.098e-45
1068.8	1.093e-45
1068.9	1.082e-45
1069.0	1.075e-45
1069.2	1.063e-45
1069.3	1.058e-45
1069.5	1.047e-45
1069.6	1.039e-45
1069.8	1.026e-45
1069.9	1.018e-45
1070.1	1.007e-45
1070.3	9.999e-46
1070.4	9.871e-46
1070.6	9.817e-46
1070.7	9.679e-46
1070.9	9.631e-46
1071.0	9.509e-46
1071.2	9.476e-46
1071.4	9.345e-46
1071.5	9.264e-46
1071.7	9.143e-46
1071.8	9.075e-46
1072.0	8.961e-46
1072.2	8.876e-46
1072.3	8.761e-46
1072.5	8.679e-46
1072.6	8.573e-46
1072.8	8.480e-46
1073.0	8.391e-46
1073.1	8.306e-46
1073.3	8.225e-46
1073.4	8.124e-46
1073.6	8.011e-46
1073.7	7.926e-46
1073.9	7.824e-46
1074.1	7.764e-46
1074.2	7.646e-46
1074.4	7.582e-46
1074.5	7.459e-46
1074.7	7.408e-46
1074.9	7.299e-46
1075.0	7.250e-46
1075.2	7.131e-46
1075.3	7.079e-46
1075.5	6.975e-46
1075.6	6.907e-46
1075.8	6.806e-46
1076.0	6.736e-46
1076.1	6.661e-46
1076.3	6.596e-46
1076.4	6.524e-46
1076.6	6.439e-46
1076.8	6.364e-46
1076.9	6.264e-46
1077.1	6.218e-46
1077.2	6.126e-46
1077.4	6.062e-46
1077.6	5.977e-46
1077.7	5.913e-46
1077.9	5.862e-46
1078.0	5.783e-46
1078.2	5.706e-46
1078.3	5.624e-46
1078.5	5.546e-46
1078.7	5.482e-46
1078.8	5.406e-46
1079.0	5.328e-46
1079.1	5.290e-46
1079.3	5.213e-46
1079.5	5.195e-46
1079.6	5.109e-46
1079.8	5.075e-46
1079.9	4.993e-46
1080.1	4.946e-46
1080.3	4.890e-46
1080.4	4.836e-46
1080.6	4.760e-46
1080.7	4.713e-46
1080.9	4.647e-46
1081.0	4.614e-46
1081.2	4.558e-46
1081.4	4.515e-46
1081.5	4.465e-46
1081.7	4.426e-46
1081.8	4.368e-46
1082.0	4.299e-46
1082.2	4.220e-46
1082.3	4.195e-46
1082.5	4.114e-46
1082.6	4.110e-46
1082.8	3.993e-46
1082.9	4.026e-46
1083.1	3.903e-46
1083.3	3.920e-46
1083.4	3.862e-46
1083.6	3.860e-46
1083.7	3.782e-46
1083.9	3.705e-46
1084.1	3.661e-46
1084.2	3.634e-46
1084.4	3.589e-46
1084.5	3.568e-46
1084.7	3.521e-46
1084.9	3.487e-46
1085.0	3.423e-46
1085.2	3.404e-46
1085.3	3.336e-46
1085.5	3.316e-46
1085.6	3.258e-46
1085.8	3.252e-46
1086.0	3.171e-46
1086.1	3.121e-46
1086.3	3.064e-46
1086.4	3.060e-46
1086.6	2.999e-46
1086.8	3.003e-46
1086.9	2.963e-46
1087.1	2.941e-46
1087.2	2.885e-46
1087.4	2.844e-46
1087.6	2.820e-46
1087.7	2.785e-46
1087.9	2.751e-46
1088.0	2.732e-46
1088.2	2.693e-46
1088.3	2.661e-46
1088.5	2.643e-46
1088.7	2.621e-46
1088.8	2.599e-46
1089.0	2.543e-46
1089.1	2.544e-46
1089.3	2.490e-46
1089.5	2.460e-46
1089.6	2.430e-46
1089.8	2.386e-46
1089.9	2.380e-46
1090.1	2.308e-46
1090.3	2.317e-46
1090.4	2.234e-46
1090.6	2.236e-46
1090.7	2.190e-46
1090.9	2.188e-46
1091.0	2.165e-46
1091.2	2.120e-46
1091.4	2.085e-46
1091.5	2.063e-46
1091.7	2.023e-46
1091.8	2.032e-46
1092.0	1.942e-46
1092.2	1.973e-46
1092.3	1.938e-46
1092.5	1.964e-46
1092.6	1.895e-46
1092.8	1.874e-46
1092.9	1.828e-46
1093.1	1.815e-46
1093.3	1.790e-46
1093.4	1.772e-46
1093.6	1.788e-46
1093.7	1.745e-46
1093.9	1.729e-46
1094.1	1.675e-46
1094.2	1.695e-46
1094.4	1.642e-46
1094.5	1.664e-46
1094.7	1.611e-46
1094.9	1.641e-46
1095.0	1.593e-46
1095.2	1.587e-46
1095.3	1.561e-46
1095.5	1.502e-46
1095.6	1.508e-46
1095.8	1.449e-46
1096.0	1.514e-46
1096.1	1.412e-46
1096.3	1.433e-46
1096.4	1.353e-46
1096.6	1.411e-46
1096.8	1.359e-46
1096.9	1.375e-46
1097.1	1.350e-46
1097.2	1.322e-46
1097.4	1.309e-46
1097.6	1.282e-46
1097.7	1.324e-46
1097.9	1.271e-46
1098.0	1.261e-46
1098.2	1.198e-46
1098.3	1.197e-46
1098.5	1.172e-46
1098.7	1.154e-46
1098.8	1.168e-46
1099.0	1.121e-46
1099.1	1.140e-46
1099.3	1.068e-46
1099.5	1.093e-46
1099.6	1.037e-46
1099.8	1.091e-46
1099.9	1.013e-46
1100.1	1.047e-46
1100.2	9.673e-47
1100.4	1.043e-46
1100.6	9.614e-47
1100.7	1.004e-46
1100.9	9.328e-47
1101.0	9.655e-47
1101.2	9.239e-47
1101.4	9.340e-47
1101.5	9.340e-47
1101.7	9.072e-47
1101.8	8.620e-47
1102.0	8.299e-47
1102.2	8.293e-47
1102.3	8.251e-47
1102.5	8.079e-47
1102.6	8.251e-47
1102.8	8.686e-47
1102.9	8.240e-47
1103.1	7.924e-47
1103.3	7.645e-47
1103.4	7.805e-47
1103.6	8.299e-47
1103.7	7.930e-47
1103.9	8.287e-47
1104.1	7.877e-47
1104.2	7.633e-47
1104.4	7.734e-47
1104.5	7.097e-47
1104.7	8.097e-47
1104.9	7.222e-47
1105.0	7.317e-47
1105.2	6.645e-47
1105.3	6.568e-47
1105.5	6.401e-47
1105.6	6.312e-47
1105.8	6.645e-47
1106.0	6.609e-47
1106.1	6.217e-47
1106.3	6.080e-47
1106.4	6.241e-47
1106.6	6.026e-47
1106.8	5.949e-47
1106.9	5.771e-47
1107.1	5.955e-47
1107.2	5.438e-47
1107.4	5.289e-47
1107.5	5.414e-47
1107.7	5.896e-47
1107.9	5.616e-47
1108.0	5.039e-47
1108.2	4.896e-47
1108.3	4.747e-47
1108.5	4.938e-47
1108.7	4.640e-47
1108.8	4.765e-47
1109.0	4.700e-47
1109.1	4.367e-47
1109.3	4.396e-47
1109.5	4.414e-47
1109.6	4.664e-47
1109.8	4.295e-47
1109.9	4.176e-47
1110.1	3.992e-47
1110.2	3.784e-47
1110.4	3.516e-47
1110.6	3.926e-47
1110.7	3.825e-47
1110.9	4.206e-47
1111.0	3.456e-47
1111.2	4.069e-47
1111.4	3.117e-47
1111.5	3.688e-47
1111.7	3.082e-47
1111.8	3.712e-47
1112.0	2.909e-47
1112.2	3.082e-47
1112.3	3.105e-47
1112.5	3.272e-47
1112.6	3.385e-47
1112.8	2.867e-47
1112.9	3.480e-47
1113.1	2.867e-47
1113.3	3.213e-47
1113.4	2.516e-47
1113.6	3.355e-47
1113.7	2.933e-47
1113.9	3.284e-47
1114.1	2.665e-47
1114.2	3.010e-47
1114.4	2.796e-47
1114.5	3.123e-47
1114.7	3.147e-47
1114.9	3.064e-47
1115.0	2.867e-47
1115.2	2.844e-47
1115.3	2.814e-47
1115.5	2.927e-47
1115.6	2.713e-47
1115.8	2.749e-47
1116.0	2.522e-47
1116.1	2.957e-47
1116.3	2.802e-47
1116.4	2.463e-47
1116.6	2.124e-47
1116.8	2.380e-47
1116.9	3.022e-47
1117.1	2.665e-47
1117.2	2.231e-47
1117.4	2.017e-47
1117.5	2.326e-47
1117.7	2.124e-47
1117.9	2.344e-47
1118.0	2.082e-47
1118.2	2.380e-47
1118.3	2.225e-47
1118.5	2.219e-47
1118.7	2.386e-47
1118.8	1.719e-47
1119.0	2.177e-47
1119.1	1.939e-47
1119.3	1.933e-47
1119.5	1.678e-47
1119.6	1.725e-47
1119.8	1.809e-47
1119.9	1.392e-47
1120.1	1.547e-47
1120.2	1.582e-47
1120.4	2.154e-47
1120.6	1.428e-47
1120.7	1.434e-47
1120.9	1.321e-47
1121.0	1.124e-47
1121.2	1.321e-47
1121.4	1.362e-47
1121.5	1.767e-47
1121.7	1.184e-47
1121.8	8.448e-48
1122.0	1.112e-47
1122.2	7.674e-48
1122.3	1.214e-47
1122.5	7.734e-48
1122.6	1.356e-47
1122.8	1.083e-47
1122.9	1.350e-47
1123.1	1.565e-47
1123.3	1.017e-47
1123.4	1.077e-47
1123.6	1.160e-47
1123.7	1.475e-47
1123.9	1.196e-47
1124.1	1.350e-47
1124.2	1.124e-47
1124.4	1.755e-47
1124.5	1.398e-47
1124.7	1.362e-47
1124.8	1.309e-47
1125.0	9.638e-48
1125.2	9.638e-48
1125.3	1.023e-47
1125.5	1.333e-47
1125.6	1.231e-47
1125.8	1.023e-47
1126.0	1.166e-47
1126.1	8.388e-48
1126.3	1.273e-47
1126.4	1.297e-47
1126.6	1.356e-47
1126.8	1.017e-47
1126.9	3.034e-48
1127.1	6.604e-48
1127.2	7.377e-48
1127.4	1.196e-47
1127.5	9.519e-48
1127.7	3.034e-48
1127.9	6.485e-48
1128.0	9.995e-48
1128.2	8.091e-48
1128.3	3.094e-48
1128.5	4.402e-48
1128.7	8.091e-48
1128.8	8.805e-48
1129.0	5.176e-48
1129.1	3.450e-48
1129.3	4.402e-48
1129.5	2.320e-48
1129.6	7.258e-48
1129.8	5.414e-48
1129.9	6.247e-48
1130.1	0.000e+00
1130.2	3.153e-48
1130.4	2.975e-48
1130.6	7.793e-48
1130.7	0.000e+00
1130.9	7.079e-48
1131.0	2.737e-48
1131.2	7.972e-48
1131.4	2.261e-48
1131.5	3.391e-48
1131.7	2.975e-48
1131.8	3.688e-48
1132.0	2.380e-48
1132.2	0.000e+00
1132.3	1.666e-48
1132.5	3.867e-48
1132.6	4.938e-48
1132.8	2.320e-48
1132.9	0.000e+00
1133.1	0.000e+00
1133.3	0.000e+00
1133.4	1.666e-48
1133.6	1.190e-48
1133.7	0.000e+00
1133.9	0.000e+00
1134.1	1.071e-48
1134.2	0.000e+00
1134.4	0.000e+00
1134.5	0.000e+00
1134.7	0.000e+00
1134.8	0.000e+00
1135.0	0.000e+00
1135.2	5.354e-49
1135.3	1.130e-48
1135.5	0.000e+00
1135.6	0.000e+00
1135.8	0.000e+00
1136.0	0.000e+00
1136.1	0.000e+00
1136.3	4.164e-49
1136.4	3.986e-48
1136.6	0.000e+00
1136.8	1.190e-48
1137.0  0.000e+00
1200.0  0.000E+00
1200.2  9.383E-48
1200.3  9.501E-48
1200.4  9.976E-48
1200.6  1.057E-47
1200.7  1.081E-47
1200.8  1.057E-47
1201.1  1.081E-47
1201.2  1.164E-47
1201.3  1.211E-47
1201.5  1.223E-47
1201.6  1.116E-47
1201.8  1.045E-47
1202.0  9.858E-48
1202.1  1.033E-47
1202.2  1.164E-47
1202.4  1.306E-47
1202.6  1.330E-47
1202.7  1.306E-47
1202.9  1.330E-47
1203.0  1.401E-47
1203.2  1.401E-47
1203.4  1.366E-47
1203.5  1.389E-47
1203.7  1.497E-47
1203.8  1.544E-47
1203.9  1.639E-47
1204.2  1.698E-47
1204.3  1.817E-47
1204.4  1.793E-47
1204.6  1.817E-47
1204.7  1.758E-47
1204.8  1.877E-47
1205.1  1.960E-47
1205.2  2.102E-47
1205.3  2.138E-47
1205.5  2.174E-47
1205.6  2.126E-47
1205.8  2.174E-47
1206.0  2.162E-47
1206.1  2.328E-47
1206.3  2.328E-47
1206.4  2.458E-47
1206.6  2.494E-47
1206.8  2.695E-47
1206.9  2.707E-47
1207.0  2.731E-47
1207.2  2.661E-47
1207.4  2.815E-47
1207.5  2.921E-47
1207.7  3.064E-47
1207.8  3.053E-47
1207.9  3.112E-47
1208.2  3.124E-47
1208.3  3.302E-47
1208.4  3.350E-47
1208.6  3.588E-47
1208.7  3.717E-47
1208.8  3.943E-47
1209.1  3.895E-47
1209.2  3.895E-47
1209.4  3.895E-47
1209.5  4.121E-47
1209.6  4.288E-47
1209.9  4.478E-47
1210.0  4.466E-47
1210.1  4.490E-47
1210.3  4.502E-47
1210.4  4.704E-47
1210.6  4.809E-47
1210.8  4.941E-47
1210.9  4.941E-47
1211.0  5.083E-47
1211.2  5.155E-47
1211.4  5.368E-47
1211.6  5.464E-47
1211.7  5.642E-47
1211.9  5.654E-47
1212.0  5.772E-47
1212.3  5.832E-47
1212.4  6.033E-47
1212.5  6.081E-47
1212.7  6.199E-47
1212.8  6.165E-47
1213.1  6.259E-47
1213.2  6.307E-47
1213.4  6.496E-47
1213.5  6.568E-47
1213.7  6.698E-47
1213.9  6.722E-47
1214.0  6.936E-47
1214.2  7.055E-47
1214.3  7.245E-47
1214.5  7.317E-47
1214.7  7.471E-47
1214.9  7.554E-47
1215.0  7.720E-47
1215.1  7.826E-47
1215.3  7.922E-47
1215.5  7.886E-47
1215.7  7.994E-47
1215.8  8.075E-47
1216.0  8.207E-47
1216.1  8.219E-47
1216.3  8.289E-47
1216.5  8.385E-47
1216.6  8.563E-47
1216.8  8.754E-47
1216.9  8.956E-47
1217.2  9.074E-47
1217.3  9.170E-47
1217.4  9.239E-47
1217.6  9.347E-47
1217.7  9.383E-47
1218.0  9.537E-47
1218.1  9.633E-47
1218.3  9.906E-47
1218.4  1.010E-46
1218.5  1.037E-46
1218.8  1.049E-46
1218.9  1.057E-46
1219.0  1.058E-46
1219.2  1.086E-46
1219.3  1.103E-46
1219.5  1.130E-46
1219.7  1.130E-46
1219.8  1.152E-46
1219.9  1.170E-46
1220.1  1.209E-46
1220.3  1.226E-46
1220.4  1.239E-46
1220.6  1.229E-46
1220.7  1.242E-46
1220.8  1.263E-46
1221.1  1.290E-46
1221.2  1.310E-46
1221.3  1.334E-46
1221.5  1.350E-46
1221.6  1.373E-46
1221.7  1.381E-46
1222.0  1.394E-46
1222.1  1.400E-46
1222.2  1.411E-46
1222.4  1.422E-46
1222.5  1.456E-46
1222.8  1.483E-46
1222.9  1.518E-46
1223.0  1.530E-46
1223.2  1.559E-46
1223.3  1.583E-46
1223.4  1.608E-46
1223.7  1.623E-46
1223.8  1.635E-46
1223.9  1.650E-46
1224.1  1.675E-46
1224.2  1.701E-46
1224.4  1.727E-46
1224.6  1.743E-46
1224.7  1.759E-46
1224.8  1.770E-46
1225.0  1.787E-46
1225.2  1.809E-46
1225.3  1.834E-46
1225.5  1.853E-46
1225.6  1.880E-46
1225.7  1.907E-46
1226.0  1.940E-46
1226.1  1.966E-46
1226.2  1.988E-46
1226.4  2.010E-46
1226.5  2.032E-46
1226.6  2.058E-46
1226.9  2.092E-46
1227.0  2.112E-46
1227.1  2.136E-46
1227.3  2.156E-46
1227.4  2.182E-46
1227.6  2.200E-46
1227.8  2.218E-46
1227.9  2.240E-46
1228.0  2.266E-46
1228.2  2.288E-46
1228.3  2.320E-46
1228.5  2.354E-46
1228.7  2.384E-46
1228.8  2.402E-46
1228.9  2.438E-46
1229.1  2.462E-46
1229.3  2.494E-46
1229.4  2.517E-46
1229.6  2.555E-46
1229.7  2.581E-46
1229.8  2.613E-46
1230.1  2.639E-46
1230.2  2.689E-46
1230.4  2.723E-46
1230.5  2.761E-46
1230.6  2.789E-46
1230.9  2.829E-46
1231.0  2.877E-46
1231.1  2.907E-46
1231.3  2.937E-46
1231.4  2.971E-46
1231.5  2.999E-46
1231.8  3.047E-46
1231.9  3.057E-46
1232.0  3.104E-46
1232.2  3.126E-46
1232.3  3.180E-46
1232.5  3.200E-46
1232.7  3.244E-46
1232.8  3.282E-46
1232.9  3.326E-46
1233.1  3.360E-46
1233.2  3.390E-46
1233.4  3.424E-46
1233.6  3.452E-46
1233.7  3.498E-46
1233.8  3.558E-46
1234.0  3.600E-46
1234.2  3.637E-46
1234.3  3.659E-46
1234.5  3.703E-46
1234.6  3.733E-46
1234.7  3.779E-46
1235.0  3.803E-46
1235.1  3.845E-46
1235.2  3.885E-46
1235.4  3.933E-46
1235.5  3.975E-46
1235.6  4.019E-46
1235.9  4.063E-46
1236.0  4.113E-46
1236.1  4.163E-46
1236.3  4.204E-46
1236.4  4.240E-46
1236.6  4.280E-46
1236.8  4.320E-46
1236.9  4.350E-46
1237.0  4.376E-46
1237.2  4.422E-46
1237.4  4.466E-46
1237.5  4.526E-46
1237.7  4.554E-46
1237.8  4.596E-46
1237.9  4.624E-46
1238.1  4.666E-46
1238.3  4.714E-46
1238.5  4.765E-46
1238.6  4.831E-46
1238.7  4.893E-46
1238.9  4.951E-46
1239.1  5.011E-46
1239.2  5.055E-46
1239.4  5.123E-46
1239.5  5.173E-46
1239.6  5.237E-46
1239.9  5.271E-46
1240.0  5.328E-46
1240.1  5.378E-46
1240.3  5.438E-46
1240.4  5.484E-46
1240.5  5.540E-46
1240.8  5.602E-46
1240.9  5.674E-46
1241.0  5.736E-46
1241.2  5.798E-46
1241.3  5.861E-46
1241.5  5.927E-46
1241.7  5.983E-46
1241.8  6.039E-46
1241.9  6.099E-46
1242.1  6.167E-46
1242.2  6.223E-46
1242.4  6.267E-46
1242.6  6.295E-46
1242.7  6.321E-46
1242.8  6.367E-46
1243.0  6.436E-46
1243.2  6.504E-46
1243.3  6.578E-46
1243.5  6.642E-46
1243.6  6.730E-46
1243.7  6.800E-46
1244.0  6.896E-46
1244.1  6.955E-46
1244.2  7.021E-46
1244.4  7.053E-46
1244.5  7.123E-46
1244.6  7.181E-46
1244.9  7.259E-46
1245.0  7.325E-46
1245.1  7.391E-46
1245.3  7.451E-46
1245.4  7.504E-46
1245.6  7.578E-46
1245.8  7.636E-46
1245.9  7.710E-46
1246.1  7.776E-46
1246.2  7.844E-46
1246.3  7.912E-46
1246.6  7.976E-46
1246.7  8.052E-46
1246.8  8.117E-46
1247.0  8.185E-46
1247.1  8.251E-46
1247.3  8.337E-46
1247.5  8.415E-46
1247.6  8.523E-46
1247.7  8.601E-46
1247.9  8.724E-46
1248.1  8.810E-46
1248.2  8.912E-46
1248.4  8.982E-46
1248.5  9.082E-46
1248.6  9.160E-46
1248.9  9.241E-46
1249.0  9.283E-46
1249.1  9.385E-46
1249.3  9.469E-46
1249.4  9.587E-46
1249.5  9.643E-46
1249.8  9.738E-46
1249.9  9.816E-46
1250.0  9.912E-46
1250.2  9.976E-46
1250.3  1.008E-45
1250.4  1.018E-45
1250.7  1.032E-45
1250.8  1.039E-45
1250.9  1.052E-45
1251.1  1.061E-45
1251.2  1.073E-45
1251.4  1.082E-45
1251.6  1.095E-45
1251.7  1.106E-45
1251.8  1.119E-45
1252.0  1.126E-45
1252.2  1.139E-45
1252.3  1.148E-45
1252.5  1.162E-45
1252.6  1.172E-45
1252.7  1.183E-45
1253.0  1.195E-45
1253.1  1.206E-45
1253.2  1.218E-45
1253.4  1.232E-45
1253.5  1.245E-45
1253.7  1.259E-45
1253.9  1.271E-45
1254.0  1.284E-45
1254.2  1.299E-45
1254.3  1.316E-45
1254.4  1.330E-45
1254.7  1.345E-45
1254.8  1.357E-45
1254.9  1.374E-45
1255.1  1.389E-45
1255.2  1.402E-45
1255.3  1.417E-45
1255.6  1.432E-45
1255.7  1.446E-45
1255.8  1.464E-45
1256.0  1.478E-45
1256.1  1.497E-45
1256.3  1.510E-45
1256.5  1.528E-45
1256.6  1.543E-45
1256.7  1.560E-45
1256.9  1.578E-45
1257.0  1.593E-45
1257.2  1.608E-45
1257.4  1.627E-45
1257.5  1.642E-45
1257.6  1.661E-45
1257.8  1.676E-45
1258.0  1.694E-45
1258.1  1.707E-45
1258.3  1.724E-45
1258.4  1.744E-45
1258.5  1.763E-45
1258.8  1.779E-45
1258.9  1.795E-45
1259.0  1.813E-45
1259.2  1.828E-45
1259.3  1.844E-45
1259.4  1.859E-45
1259.7  1.875E-45
1259.8  1.891E-45
1259.9  1.907E-45
1260.1  1.924E-45
1260.2  1.939E-45
1260.3  1.956E-45
1260.6  1.971E-45
1260.7  1.987E-45
1260.8  2.002E-45
1261.0  2.018E-45
1261.1  2.034E-45
1261.3  2.048E-45
1261.5  2.062E-45
1261.6  2.078E-45
1261.8  2.090E-45
1261.9  2.104E-45
1262.1  2.114E-45
1262.3  2.132E-45
1262.4  2.142E-45
1262.5  2.154E-45
1262.7  2.162E-45
1262.8  2.174E-45
1263.0  2.180E-45
1263.2  2.192E-45
1263.3  2.200E-45
1263.4  2.210E-45
1263.6  2.220E-45
1263.8  2.224E-45
1263.9  2.234E-45
1264.1  2.236E-45
1264.2  2.246E-45
1264.3  2.254E-45
1264.6  2.266E-45
1264.7  2.272E-45
1264.8  2.278E-45
1265.0  2.282E-45
1265.1  2.288E-45
1265.2  2.296E-45
1265.5  2.300E-45
1265.6  2.312E-45
1265.7  2.318E-45
1265.9  2.326E-45
1266.0  2.330E-45
1266.1  2.336E-45
1266.4  2.342E-45
1266.5  2.350E-45
1266.6  2.350E-45
1266.8  2.362E-45
1266.9  2.364E-45
1267.1  2.378E-45
1267.3  2.376E-45
1267.4  2.388E-45
1267.5  2.390E-45
1267.7  2.394E-45
1267.8  2.392E-45
1268.0  2.390E-45
1268.2  2.392E-45
1268.3  2.392E-45
1268.4  2.394E-45
1268.6  2.396E-45
1268.8  2.394E-45
1268.9  2.394E-45
1269.1  2.394E-45
1269.2  2.394E-45
1269.4  2.390E-45
1269.6  2.384E-45
1269.7  2.382E-45
1269.9  2.382E-45
1270.0  2.376E-45
1270.1  2.370E-45
1270.3  2.360E-45
1270.5  2.360E-45
1270.6  2.346E-45
1270.8  2.344E-45
1270.9  2.332E-45
1271.0  2.326E-45
1271.3  2.314E-45
1271.4  2.302E-45
1271.5  2.290E-45
1271.7  2.272E-45
1271.8  2.258E-45
1271.9  2.242E-45
1272.2  2.226E-45
1272.3  2.212E-45
1272.4  2.192E-45
1272.6  2.182E-45
1272.7  2.160E-45
1272.8  2.146E-45
1273.1  2.122E-45
1273.2  2.112E-45
1273.4  2.090E-45
1273.5  2.074E-45
1273.8  2.048E-45
1273.9  2.032E-45
1274.1  2.010E-45
1274.3  1.996E-45
1274.4  1.971E-45
1274.7  1.960E-45
1274.8  1.932E-45
1275.0  1.923E-45
1275.1  1.898E-45
1275.3  1.892E-45
1275.6  1.866E-45
1275.7  1.849E-45
1275.9  1.825E-45
1276.0  1.812E-45
1276.3  1.789E-45
1276.5  1.772E-45
1276.6  1.749E-45
1276.8  1.733E-45
1276.9  1.712E-45
1277.2  1.693E-45
1277.4  1.675E-45
1277.5  1.658E-45
1277.7  1.642E-45
1277.8  1.622E-45
1278.1  1.599E-45
1278.2  1.582E-45
1278.4  1.562E-45
1278.6  1.550E-45
1278.8  1.526E-45
1279.0  1.514E-45
1279.1  1.489E-45
1279.3  1.479E-45
1279.6  1.457E-45
1279.7  1.447E-45
1279.9  1.424E-45
1280.0  1.413E-45
1280.2  1.392E-45
1280.3  1.379E-45
1280.6  1.359E-45
1280.8  1.345E-45
1280.9  1.330E-45
1281.1  1.317E-45
1281.3  1.302E-45
1281.5  1.285E-45
1281.7  1.271E-45
1281.8  1.251E-45
1282.1  1.241E-45
1282.2  1.223E-45
1282.4  1.210E-45
1282.6  1.193E-45
1282.7  1.180E-45
1283.0  1.170E-45
1283.1  1.155E-45
1283.3  1.139E-45
1283.4  1.123E-45
1283.6  1.107E-45
1283.9  1.094E-45
1284.0  1.079E-45
1284.2  1.064E-45
1284.3  1.056E-45
1284.5  1.041E-45
1284.8  1.037E-45
1284.9  1.020E-45
1285.1  1.013E-45
1285.2  9.968E-46
1285.5  9.874E-46
1285.7  9.762E-46
1285.8  9.655E-46
1286.0  9.503E-46
1286.1  9.409E-46
1286.4  9.277E-46
1286.5  9.211E-46
1286.7  9.100E-46
1286.9  9.014E-46
1287.0  8.914E-46
1287.3  8.836E-46
1287.4  8.720E-46
1287.6  8.583E-46
1287.8  8.425E-46
1288.0  8.375E-46
1288.2  8.213E-46
1288.3  8.205E-46
1288.5  7.972E-46
1288.6  8.038E-46
1288.9  7.792E-46
1289.1  7.826E-46
1289.2  7.710E-46
1289.4  7.706E-46
1289.5  7.550E-46
1289.8  7.397E-46
1290.0  7.309E-46
1290.1  7.255E-46
1290.3  7.165E-46
1290.4  7.123E-46
1290.7  7.029E-46
1290.9  6.961E-46
1291.0  6.834E-46
1291.2  6.796E-46
1291.4  6.660E-46
1291.6  6.620E-46
1291.7  6.504E-46
1291.9  6.492E-46
1292.2  6.331E-46
1292.3  6.231E-46
1292.5  6.117E-46
1292.6  6.109E-46
1292.8  5.987E-46
1293.1  5.995E-46
1293.2  5.915E-46
1293.4  5.871E-46
1293.5  5.760E-46
1293.7  5.678E-46
1294.0  5.630E-46
1294.1  5.560E-46
1294.3  5.492E-46
1294.4  5.454E-46
1294.6  5.376E-46
1294.8  5.312E-46
1295.0  5.277E-46
1295.2  5.233E-46
1295.3  5.189E-46
1295.6  5.077E-46
1295.7  5.079E-46
1295.9  4.971E-46
1296.1  4.911E-46
1296.2  4.851E-46
1296.5  4.763E-46
1296.6  4.751E-46
1296.8  4.608E-46
1297.0  4.626E-46
1297.1  4.460E-46
1297.4  4.464E-46
1297.5  4.372E-46
1297.7  4.368E-46
1297.8  4.322E-46
1298.1  4.232E-46
1298.3  4.163E-46
1298.4  4.119E-46
1298.6  4.039E-46
1298.7  4.057E-46
1299.0  3.877E-46
1299.2  3.939E-46
1299.3  3.869E-46
1299.5  3.921E-46
1299.6  3.783E-46
1299.9  3.741E-46
1300.0  3.649E-46
1300.2  3.623E-46
1300.4  3.574E-46
1300.5  3.538E-46
1300.8  3.570E-46
1300.9  3.484E-46
1301.1  3.452E-46
1301.3  3.344E-46
1301.5  3.384E-46
1301.7  3.278E-46
1301.8  3.322E-46
1302.0  3.216E-46
1302.2  3.276E-46
1302.4  3.180E-46
1302.6  3.168E-46
1302.7  3.116E-46
1302.9  2.999E-46
1303.0  3.011E-46
1303.3  2.893E-46
1303.5  3.023E-46
1303.6  2.819E-46
1303.8  2.861E-46
1303.9  2.701E-46
1304.2  2.817E-46
1304.4  2.713E-46
1304.5  2.745E-46
1304.7  2.695E-46
1304.9  2.639E-46
1305.1  2.613E-46
1305.3  2.559E-46
1305.4  2.643E-46
1305.6  2.537E-46
1305.8  2.517E-46
1306.0  2.392E-46
1306.1  2.390E-46
1306.3  2.340E-46
1306.6  2.304E-46
1306.7  2.332E-46
1306.9  2.238E-46
1307.0  2.276E-46
1307.2  2.132E-46
1307.5  2.182E-46
1307.6  2.070E-46
1307.8  2.178E-46
1307.9  2.022E-46
1308.1  2.090E-46
1308.3  1.931E-46
1308.5  2.082E-46
1308.7  1.919E-46
1308.8  2.004E-46
1309.0  1.862E-46
1309.2  1.928E-46
1309.4  1.844E-46
1309.6  1.865E-46
1309.7  1.865E-46
1310.0  1.811E-46
1310.1  1.721E-46
1310.3  1.657E-46
1310.5  1.656E-46
1310.6  1.647E-46
1310.9  1.613E-46
1311.0  1.647E-46
1311.2  1.734E-46
1311.3  1.645E-46
1311.5  1.582E-46
1311.8  1.526E-46
1311.9  1.558E-46
1312.1  1.657E-46
1312.2  1.583E-46
1312.4  1.654E-46
1312.7  1.573E-46
1312.8  1.524E-46
1313.0  1.544E-46
1313.1  1.417E-46
1313.4  1.616E-46
1313.6  1.442E-46
1313.7  1.461E-46
1313.9  1.327E-46
1314.0  1.311E-46
1314.3  1.278E-46
1314.4  1.260E-46
1314.6  1.327E-46
1314.8  1.319E-46
1314.9  1.241E-46
1315.2  1.214E-46
1315.3  1.246E-46
1315.5  1.203E-46
1315.7  1.188E-46
1315.8  1.152E-46
1316.1  1.189E-46
1316.2  1.086E-46
1316.4  1.056E-46
1316.5  1.081E-46
1316.7  1.177E-46
1317.0  1.121E-46
1317.1  1.006E-46
1317.3  9.774E-47
1317.4  9.477E-47
1317.7  9.858E-47
1317.9  9.263E-47
1318.0  9.513E-47
1318.2  9.383E-47
1318.3  8.718E-47
1318.6  8.776E-47
1318.8  8.812E-47
1318.9  9.311E-47
1319.1  8.575E-47
1319.2  8.337E-47
1319.5  7.970E-47
1319.6  7.554E-47
1319.8  7.019E-47
1320.0  7.838E-47
1320.1  7.636E-47
1320.4  8.397E-47
1320.5  6.900E-47
1320.7  8.123E-47
1320.9  6.223E-47
1321.1  7.363E-47
1321.3  6.153E-47
1321.4  7.411E-47
1321.6  5.808E-47
1321.8  6.153E-47
1322.0  6.199E-47
1322.2  6.532E-47
1322.3  6.758E-47
1322.5  5.724E-47
1322.6  6.947E-47
1322.9  5.724E-47
1323.1  6.414E-47
1323.2  5.023E-47
1323.4  6.698E-47
1323.5  5.855E-47
1323.8  6.556E-47
1324.0  5.320E-47
1324.1  6.009E-47
1324.3  5.582E-47
1324.4  6.235E-47
1324.7  6.283E-47
1324.9  6.117E-47
1325.0  5.724E-47
1325.2  5.678E-47
1325.4  5.618E-47
1325.6  5.843E-47
1325.7  5.416E-47
1325.9  5.488E-47
1326.1  5.035E-47
1326.3  5.903E-47
1326.5  5.594E-47
1326.6  4.917E-47
1326.8  4.240E-47
1327.1  4.751E-47
1327.2  6.033E-47
1327.4  5.320E-47
1327.5  4.454E-47
1327.7  4.027E-47
1327.8  4.644E-47
1328.1  4.240E-47
1328.3  4.680E-47
1328.4  4.157E-47
1328.6  4.751E-47
1328.7  4.442E-47
1329.0  4.430E-47
1329.2  4.763E-47
1329.3  3.432E-47
1329.5  4.346E-47
1329.7  3.871E-47
1329.9  3.859E-47
1330.1  3.350E-47
1330.2  3.444E-47
1330.4  3.612E-47
1330.6  2.779E-47
1330.8  3.088E-47
1330.9  3.158E-47
1331.1  4.300E-47
1331.4  2.851E-47
1331.5  2.863E-47
1331.7  2.637E-47
1331.8  2.244E-47
1332.0  2.637E-47
1332.3  2.719E-47
1332.4  3.528E-47
1332.6  2.364E-47
1332.7  1.687E-47
1332.9  2.220E-47
1333.2  1.532E-47
1333.3  2.424E-47
1333.5  1.544E-47
1333.6  2.707E-47
1333.8  2.162E-47
1334.0  2.695E-47
1334.2  3.124E-47
1334.4  2.030E-47
1334.5  2.150E-47
1334.7  2.316E-47
1334.9  2.945E-47
1335.1  2.388E-47
1335.3  2.695E-47
1335.4  2.244E-47
1335.6  3.504E-47
1335.8  2.791E-47
1336.0  2.719E-47
1336.1  2.613E-47
1336.3  1.924E-47
1336.6  1.924E-47
1336.7  2.042E-47
1336.9  2.661E-47
1337.0  2.458E-47
1337.2  2.042E-47
1337.5  2.328E-47
1337.6  1.675E-47
1337.8  2.541E-47
1337.9  2.589E-47
1338.1  2.707E-47
1338.4  2.030E-47
1338.5  6.057E-48
1338.7  1.318E-47
1338.8  1.473E-47
1339.0  2.388E-47
1339.2  1.900E-47
1339.4  6.057E-48
1339.6  1.295E-47
1339.7  1.995E-47
1339.9  1.615E-47
1340.1  6.177E-48
1340.3  8.788E-48
1340.5  1.615E-47
1340.6  1.758E-47
1340.8  1.033E-47
1341.0  6.888E-48
1341.2  8.788E-48
1341.4  4.632E-48
1341.5  1.449E-47
1341.8  1.081E-47
1341.9  1.247E-47
1342.1  0.000E+00
1342.2  6.295E-48
1342.4  5.939E-48
1342.7  1.556E-47
1342.8  0.000E+00
1343.0  1.413E-47
1343.1  5.464E-48
1343.3  1.592E-47
1343.6  4.514E-48
1343.7  6.770E-48
1343.9  5.939E-48
1344.0  7.363E-48
1344.2  4.751E-48
1344.5  0.000E+00
1344.6  3.326E-48
1344.8  7.720E-48
1344.9  9.858E-48
1345.1  4.632E-48
1345.3  0.000E+00
1345.5  0.000E+00
1345.7  0.000E+00
1345.8  3.326E-48
1346.0  2.376E-48
1346.2  0.000E+00
1346.4  0.000E+00
1346.6  2.138E-48
1346.7  0.000E+00
1347.0  0.000E+00
1347.1  0.000E+00
1347.3  0.000E+00
1347.4  0.000E+00
1347.6  0.000E+00
1347.9  1.069E-48
1348.0  2.256E-48
1348.2  0.000E+00
1348.3  0.000E+00
1348.5  0.000E+00
1348.8  0.000E+00
1348.9  0.000E+00
1349.1  8.313E-49
1349.2  7.958E-48
1349.4  0.000E+00
1349.7  2.376E-48
1350.0  0.000E+00
