==Reference Solar Irradiance, Rayleigh Scattering, O2 and O3 Xsection==
=============================WMO, 1985, P355-362=======================
spec.  wavelength     irrad.    ray.scat.  O2 Herz.    xs(cm-2) ozone
inte.  range (nm)   (ph/cm2/s)   xs(cm2)    xs(cm2)   T=203K     T=273K
-----------------------------------------------------------------------
  1   175.4 177.0   1.74e+11   6.79e-25   4.61e-24   8.11e-19  8.11e-19 
  2   177.0 178.6   2.10e+11   6.49e-25   5.03e-24   7.99e-19  7.99e-19 
  3   178.6 180.2   2.38e+11   6.20e-25   5.46e-24   7.86e-19  7.89e-19 
  4   180.2 181.8   3.04e+11   5.93e-25   5.88e-24   7.63e-19  7.63e-19 
  5   181.8 183.5   3.19e+11   5.66e-25   6.29e-24   7.29e-19  7.29e-19 
  6   183.5 185.2   2.93e+11   5.41e-25   6.68e-24   6.88e-19  6.88e-19 
  7   185.2 186.2   3.62e+11   5.16e-25   7.04e-24   6.40e-19  6.40e-19 
  8   186.2 188.7   4.73e+11   4.93e-25   7.36e-24   5.88e-19  5.88e-19 
  9   188.7 190.5   5.61e+11   4.70e-25   7.64e-24   5.31e-19  5.31e-19 
 10   190.5 192.3   6.63e+11   4.49e-25   7.87e-24   4.80e-19  4.80e-19 
 11   192.3 194.2   6.90e+11   4.28e-25   8.04e-24   4.38e-19  4.38e-19 
 12   194.2 196.1   9.56e+11   4.08e-25   8.14e-24   4.11e-19  4.11e-19 
 13   196.1 198.0   1.15e+12   3.89e-25   8.17e-24   3.69e-19  3.69e-19 
 14   198.0 200.0   1.27e+12   3.71e-25   8.13e-24   3.30e-19  3.30e-19 
 15   200.0 202.0   1.52e+12   3.53e-25   8.01e-24   3.26e-19  3.26e-19 
 16   202.0 204.1   1.78e+12   3.36e-25   7.84e-24   3.26e-19  3.26e-19 
 17   204.1 206.2   2.20e+12   3.20e-25   7.63e-24   3.51e-19  3.51e-19 
 18   206.2 208.3   2.69e+12   3.05e-25   7.33e-24   4.11e-19  4.11e-19 
 19   208.3 210.5   4.54e+12   2.90e-25   6.99e-24   4.84e-19  4.84e-19 
 20   210.5 212.8   7.14e+12   2.76e-25   6.45e-24   6.26e-19  6.26e-19 
 21   212.8 215.0   8.35e+12   2.62e-25   5.81e-24   8.57e-19  8.57e-19 
 22   215.0 217.4   8.39e+12   2.49e-25   5.32e-24   1.17e-18  1.17e-18 
 23   217.4 219.8   1.08e+13   2.36e-25   4.71e-24   1.52e-18  1.52e-18 
 24   219.8 222.2   1.18e+13   2.24e-25   4.26e-24   1.97e-18  1.97e-18 
 25   222.2 224.7   1.60e+13   2.13e-25   3.80e-24   2.55e-18  2.55e-18 
 26   224.7 227.3   1.34e+13   2.02e-25   3.35e-24   3.24e-18  3.24e-18 
 27   227.3 229.9   1.41e+13   1.92e-25   2.90e-24   4.00e-18  4.00e-18 
 28   229.9 232.6   1.57e+13   1.82e-25   2.45e-24   4.83e-18  4.83e-18 
 29   232.6 235.3   1.38e+13   1.72e-25   2.05e-24   5.79e-18  5.79e-18 
 30   235.3 238.1   1.60e+13   1.63e-25   1.69e-24   6.86e-18  6.86e-18 
 31   238.1 241.0   1.45e+13   1.54e-25   1.30e-24   7.97e-18  7.97e-18 
 32   241.0 243.9   2.20e+13   1.46e-25   0.93e-24   9.00e-18  9.00e-18 
 33   243.9 246.9   1.99e+13   1.38e-25   0.00e-00   1.00e-17  1.00e-17 
 34   246.9 250.0   1.97e+13   1.31e-25   0.00e-00   1.08e-17  1.08e-17 
 35   250.0 253.2   1.94e+13   1.23e-25   0.00e-00   1.13e-17  1.13e-17 
 36   253.2 256.4   2.91e+13   1.17e-25   0.00e-00   1.15e-17  1.15e-17 
 37   256.4 259.7   4.95e+13   1.10e-25   0.00e-00   1.12e-17  1.12e-17 
 38   259.7 263.2   4.53e+13   1.04e-25   0.00e-00   1.06e-17  1.06e-17 
 39   263.2 266.7   1.07e+14   9.78e-26   0.00e-00   9.59e-18  9.65e-18 
 40   266.7 270.3   1.20e+14   9.22e-26   0.00e-00   8.31e-18  8.34e-18 
 41   270.3 274.0   1.10e+14   8.68e-26   0.00e-00   6.89e-18  6.92e-18 
 42   274.0 277.8   1.04e+14   8.17e-26   0.00e-00   5.35e-18  5.42e-18 
 43   277.8 281.7   8.24e+13   7.68e-26   0.00e-00   3.91e-18  4.02e-18 
 44   281.7 285.7   1.52e+14   7.22e-26   0.00e-00   2.67e-18  2.77e-18 
 45   285.7 289.8   2.15e+14   6.78e-26   0.00e-00   1.73e-18  1.79e-18 
 46   289.8 294.1   3.48e+14   6.36e-26   0.00e-00   1.04e-18  1.09e-18 
 47   294.1 298.5   3.40e+14   5.97e-26   0.00e-00   5.85e-19  6.24e-19 
 48   298.5 303.0   3.22e+14   5.59e-26   0.00e-00   3.16e-19  3.43e-19 
 49   303.0 307.7   4.23e+14   5.24e-26   0.00e-00   1.66e-19  1.85e-19 
 50   307.7 312.5   4.95e+14   4.90e-26   0.00e-00   8.67e-20  9.80e-20 
 51   312.5 317.5   5.44e+14   4.58e-26   0.00e-00   4.33e-20  5.01e-20 
 52   317.5 322.5   5.93e+14   4.28e-26   0.00e-00   2.09e-20  2.49e-20 
 53   322.5 327.5   6.95e+14   4.01e-26   0.00e-00   9.37e-21  1.20e-20 
 54   327.5 332.5   8.15e+14   3.75e-26   0.00e-00   4.71e-21  6.17e-21 
 55   332.5 337.5   7.81e+14   3.52e-26   0.00e-00   1.98e-21  2.74e-21 
 56   337.5 342.5   8.35e+14   3.31e-26   0.00e-00   7.77e-22  1.17e-21 
 57   342.5 347.5   8.14e+14   3.11e-26   0.00e-00   1.77e-22  5.88e-22 
 58   347.5 352.5   8.53e+14   2.92e-26   0.00e-00   1.66e-22  2.66e-22 
 59   352.5 357.5   9.17e+14   2.75e-26   0.00e-00   1.54e-22  1.09e-22 
 60   357.5 362.5   8.38e+14   2.60e-26   0.00e-00   1.43e-22  5.49e-23 
 61   362.5 367.5   1.04e+15   2.45e-26   0.00e-00   1.31e-22  5.23e-23 
 62   367.5 372.5   1.10e+15   2.31e-26   0.00e-00   1.20e-22  4.97e-23 
 63   372.5 377.5   9.79e+14   2.19e-26   0.00e-00   1.09e-22  4.72e-23 
 64   377.5 382.5   1.13e+15   2.07e-26   0.00e-00   9.73e-23  4.46e-23 
 65   382.5 387.5   8.89e+14   1.96e-26   0.00e-00   8.60e-23  4.20e-23 
 66   387.5 392.5   1.14e+15   1.86e-26   0.00e-00   7.46e-23  3.94e-23 
 67   392.5 397.5   9.17e+14   1.76e-26   0.00e-00   6.32e-23  3.68e-23 
 68   397.5 402.5   1.69e+15   1.67e-26   0.00e-00   5.18e-23  3.42e-23 
 69   402.5 407.5   1.70e+15   1.59e-26   0.00e-00   4.05e-23  3.17e-23 
 70   407.5 412.5   1.84e+15   1.51e-26   0.00e-00   2.91e-23  2.91e-23 
 71   412.5 417.5   1.87e+15   1.44e-26   0.00e-00   3.14e-23  3.14e-23 
 72   417.5 422.5   1.95e+15   1.37e-26   0.00e-00   3.99e-23  3.99e-23 
 73   422.5 427.5   1.81e+15   1.30e-26   0.00e-00   6.54e-23  6.54e-23 
 74   427.5 432.5   1.67e+15   1.24e-26   0.00e-00   6.83e-23  6.83e-23 
 75   432.5 437.5   1.98e+15   1.18e-26   0.00e-00   8.66e-23  8.66e-23 
 76   437.5 442.5   2.02e+15   1.13e-26   0.00e-00   1.25e-22  1.25e-22 
 77   442.5 447.5   2.18e+15   1.08e-26   0.00e-00   1.49e-22  1.49e-22 
 78   447.5 452.5   2.36e+15   1.03e-26   0.00e-00   1.71e-22  1.71e-22 
 79   452.5 457.5   2.31e+15   9.85e-27   0.00e-00   2.12e-22  2.12e-22 
 80   457.5 462.5   2.39e+15   9.42e-27   0.00e-00   3.57e-22  3.57e-22 
 81   462.5 467.5   2.38e+15   9.01e-27   0.00e-00   3.68e-22  3.68e-22 
 82   467.5 472.5   2.39e+15   8.63e-27   0.00e-00   4.06e-22  4.06e-22 
 83   472.5 477.5   2.44e+15   8.26e-27   0.00e-00   4.89e-22  4.89e-22 
 84   477.5 482.5   2.51e+15   7.92e-27   0.00e-00   7.11e-22  7.11e-22 
 85   482.5 487.5   2.30e+15   7.59e-27   0.00e-00   8.43e-22  8.43e-22 
 86   487.5 492.5   2.39e+15   7.28e-27   0.00e-00   8.28e-22  8.28e-22 
 87   492.5 497.5   2.48e+15   6.99e-27   0.00e-00   9.09e-22  9.09e-22 
 88   497.5 502.5   2.40e+15   6.71e-27   0.00e-00   1.22e-21  1.22e-21 
 89   502.5 507.5   2.46e+15   6.44e-27   0.00e-00   1.62e-21  1.62e-21 
 90   507.5 512.5   2.49e+15   6.19e-27   0.00e-00   1.58e-21  1.58e-21 
 91   512.5 517.5   2.32e+15   5.95e-27   0.00e-00   1.60e-21  1.60e-21 
 92   517.5 522.5   2.39e+15   5.72e-27   0.00e-00   1.78e-21  1.78e-21 
 93   522.5 527.5   2.42e+15   5.50e-27   0.00e-00   2.07e-21  2.07e-21 
 94   527.5 532.5   2.55e+15   5.30e-27   0.00e-00   2.55e-21  2.55e-21 
 95   532.5 537.5   2.51e+15   5.10e-27   0.00e-00   2.74e-21  2.74e-21 
 96   537.5 542.5   2.49e+15   4.91e-27   0.00e-00   2.88e-21  2.88e-21 
 97   542.5 547.5   2.55e+15   4.73e-27   0.00e-00   3.07e-21  3.07e-21 
 98   547.5 552.5   2.53e+15   4.56e-27   0.00e-00   3.17e-21  3.17e-21 
 99   552.5 557.5   2.54e+15   4.34e-27   0.00e-00   3.36e-21  3.36e-21 
100   557.5 562.5   2.50e+15   4.18e-27   0.00e-00   3.88e-21  3.88e-21 
101   562.5 567.5   2.57e+15   4.04e-27   0.00e-00   4.31e-21  4.31e-21 
102   567.5 572.5   2.58e+15   3.90e-27   0.00e-00   4.67e-21  4.67e-21 
103   572.5 577.5   2.67e+15   3.76e-27   0.00e-00   4.75e-21  4.75e-21 
104   577.5 582.5   2.67e+15   3.63e-27   0.00e-00   4.55e-21  4.55e-21 
105   582.5 587.5   2.70e+15   3.51e-27   0.00e-00   4.35e-21  4.35e-21 
106   587.5 592.5   2.62e+15   3.39e-27   0.00e-00   4.42e-21  4.42e-21 
107   592.5 597.5   2.69e+15   3.28e-27   0.00e-00   4.61e-21  4.61e-21 
108   597.5 602.5   2.63e+15   3.17e-27   0.00e-00   4.89e-21  4.89e-21 
109   602.5 607.5   2.68e+15   3.06e-27   0.00e-00   4.84e-21  4.84e-21 
110   607.5 612.5   2.66e+15   2.96e-27   0.00e-00   4.54e-21  4.54e-21 
111   612.5 617.5   2.59e+15   2.87e-27   0.00e-00   4.24e-21  4.24e-21 
112   617.5 622.5   2.69e+15   2.77e-27   0.00e-00   3.90e-21  3.90e-21 
113   622.5 627.5   2.61e+15   2.68e-27   0.00e-00   3.60e-21  3.60e-21 
114   627.5 632.5   2.62e+15   2.60e-27   0.00e-00   3.43e-21  3.43e-21 
115   632.5 637.5   2.62e+15   2.52e-27   0.00e-00   3.17e-21  3.17e-21 
116   637.5 642.5   2.63e+15   2.44e-27   0.00e-00   2.74e-21  2.74e-21 
117   642.5 647.5   2.60e+15   2.36e-27   0.00e-00   2.61e-21  2.61e-21 
118   647.5 652.5   2.55e+15   2.29e-27   0.00e-00   2.42e-21  2.42e-21 
119   652.5 657.5   2.48e+15   2.22e-27   0.00e-00   2.20e-21  2.20e-21 
120   657.5 662.5   2.57e+15   2.15e-27   0.00e-00   2.02e-21  2.02e-21 
121   662.5 667.5   2.61e+15   2.09e-27   0.00e-00   1.85e-21  1.85e-21 
122   667.5 672.5   2.61e+15   2.03e-27   0.00e-00   1.67e-21  1.67e-21 
123   672.5 677.5   2.62e+15   1.97e-27   0.00e-00   1.54e-21  1.54e-21 
124   677.5 682.5   2.62e+15   1.91e-27   0.00e-00   1.42e-21  1.42e-21 
125   682.5 687.5   2.57e+15   1.85e-27   0.00e-00   1.25e-21  1.25e-21 
126   687.5 692.5   2.52e+15   1.80e-27   0.00e-00   1.12e-21  1.12e-21 
127   692.5 697.5   2.60e+15   1.75e-27   0.00e-00   1.02e-21  1.02e-21 
128   697.5 702.5   2.58e+15   1.70e-27   0.00e-00   9.20e-22  9.20e-22 
129   702.5 707.5   2.52e+15   1.65e-27   0.00e-00   8.40e-22  8.40e-22 
130   707.5 712.5   2.51e+15   1.60e-27   0.00e-00   7.70e-22  7.70e-22 
131   712.5 717.5   2.48e+15   1.56e-27   0.00e-00   6.90e-22  6.90e-22 
132   717.5 722.5   2.45e+15   1.52e-27   0.00e-00   6.30e-22  6.30e-22 
133   722.5 727.5   2.48e+15   1.47e-27   0.00e-00   5.70e-22  5.70e-22 
134   727.5 732.5   2.45e+15   1.43e-27   0.00e-00   5.25e-22  5.25e-22 
135   732.5 737.5   2.44e+15   1.39e-27   0.00e-00   4.75e-22  4.75e-22 
136   737.5 742.5   2.39e+15   1.36e-27   0.00e-00   4.47e-22  4.47e-22 
137   742.5 747.5   2.40e+15   1.32e-27   0.00e-00   4.20e-22  4.20e-22 
138   747.5 752.5   2.41e+15   1.29e-27   0.00e-00   3.75e-22  3.75e-22 
139   752.5 757.5   2.40e+15   1.25e-27   0.00e-00   3.25e-22  3.25e-22 
140   757.5 762.5   2.38e+15   1.22e-27   0.00e-00   2.92e-22  2.92e-22 
141   762.5 767.5   2.34e+15   1.19e-27   0.00e-00   2.76e-22  2.76e-22 
142   767.5 772.5   2.32e+15   1.16e-27   0.00e-00   2.70e-22  2.70e-22 
143   772.5 777.5   2.30e+15   1.13e-27   0.00e-00   2.80e-22  2.80e-22 
144   777.5 782.5   2.33e+15   1.10e-27   0.00e-00   2.85e-22  2.85e-22 
145   782.5 787.5   2.34e+15   1.07e-27   0.00e-00   2.52e-22  2.52e-22 
146   787.5 792.5   2.29e+15   1.04e-27   0.00e-00   2.20e-22  2.20e-22 
147   792.5 797.5   2.29e+15   1.02e-27   0.00e-00   1.82e-22  1.82e-22 
148   797.5 802.5   2.27e+15   9.90e-28   0.00e-00   1.63e-22  1.63e-22 
149   802.5 807.5   2.27e+15   9.66e-28   0.00e-00   1.75e-22  1.75e-22 
150   807.5 812.5   2.20e+15   9.42e-28   0.00e-00   1.90e-22  1.90e-22 
151   812.5 817.5   2.22e+15   9.19e-28   0.00e-00   1.85e-22  1.85e-22 
152   817.5 822.5   2.18e+15   8.96e-28   0.00e-00   1.70e-22  1.70e-22 
153   822.5 827.5   2.20e+15   8.75e-28   0.00e-00   1.52e-22  1.52e-22 
154   827.5 832.5   2.14e+15   8.53e-28   0.00e-00   1.42e-22  1.42e-22 
155   832.5 837.5   2.14e+15   8.33e-28   0.00e-00   1.40e-22  1.40e-22 
156   837.5 842.5   2.13e+15   8.13e-28   0.00e-00   1.40e-22  1.40e-22 
157   842.5 847.5   2.09e+15   7.94e-28   0.00e-00   1.42e-22  1.42e-22 
158   847.5 852.5   2.05e+15   7.75e-28   0.00e-00   1.45e-22  1.45e-22 
