 -----------------------------------------------------------------
 ARESE: H2O sonde 11-OCT-95, 17::30::00 GMT; O3 sonde 11-OCT-95, 21::26::37 GMT  
 -----------------------------------------------------------------
     284.50000000000 day of year (1..365)
     36.604800000000 latitude (-90 to +90)
   level   p(mb)    t(k)   h2ommr (g/g) o3mmr (g/g) cld frc  cwp (g/m2) aer (odx)
   1  5.027E-01  2.422E+02  4.000E-06  3.237E-06  0.000E+00  0.000E+00  0.000E+00
   2  1.083E+00  2.560E+02  4.000E-06  4.176E-06  0.000E+00  0.000E+00  0.000E+00
   3  3.172E+00  2.381E+02  4.000E-06  8.908E-06  0.000E+00  0.000E+00  0.000E+00
   4  5.700E+00  2.333E+02  4.000E-06  1.080E-05  0.000E+00  0.000E+00  0.000E+00
   5  6.700E+00  2.326E+02  4.000E-06  1.121E-05  0.000E+00  0.000E+00  0.000E+00
   6  7.700E+00  2.294E+02  4.000E-06  1.136E-05  0.000E+00  0.000E+00  0.000E+00
   7  9.000E+00  2.275E+02  4.000E-06  1.169E-05  0.000E+00  0.000E+00  0.000E+00
   8  1.040E+01  2.287E+02  4.000E-06  1.161E-05  0.000E+00  0.000E+00  0.000E+00
   9  1.200E+01  2.295E+02  4.000E-06  1.166E-05  0.000E+00  0.000E+00  0.000E+00
  10  1.410E+01  2.282E+02  4.000E-06  1.173E-05  0.000E+00  0.000E+00  0.000E+00
  11  1.630E+01  2.269E+02  4.000E-06  1.099E-05  0.000E+00  0.000E+00  0.000E+00
  12  1.900E+01  2.252E+02  4.000E-06  1.029E-05  0.000E+00  0.000E+00  0.000E+00
  13  2.210E+01  2.236E+02  4.000E-06  9.423E-06  0.000E+00  0.000E+00  0.000E+00
  14  2.270E+01  2.218E+02  4.000E-06  9.366E-06  0.000E+00  0.000E+00  0.000E+00
  15  2.570E+01  2.198E+02  4.000E-06  7.543E-06  0.000E+00  0.000E+00  0.000E+00
  16  3.010E+01  2.194E+02  4.000E-06  6.737E-06  0.000E+00  0.000E+00  0.000E+00
  17  3.510E+01  2.168E+02  4.000E-06  5.314E-06  0.000E+00  0.000E+00  0.000E+00
  18  4.110E+01  2.146E+02  4.000E-06  4.147E-06  0.000E+00  0.000E+00  0.000E+00
  19  4.830E+01  2.135E+02  4.000E-06  3.099E-06  0.000E+00  0.000E+00  0.000E+00
  20  5.670E+01  2.102E+02  4.000E-06  2.079E-06  0.000E+00  0.000E+00  0.000E+00
  21  6.690E+01  2.052E+02  4.000E-06  1.579E-06  0.000E+00  0.000E+00  0.000E+00
  22  7.900E+01  2.029E+02  4.000E-06  7.856E-07  0.000E+00  0.000E+00  0.000E+00
  23  9.360E+01  2.029E+02  4.000E-06  3.041E-07  0.000E+00  0.000E+00  0.000E+00
  24  1.104E+02  2.056E+02  4.000E-06  1.895E-07  0.000E+00  0.000E+00  0.000E+00
  25  1.302E+02  2.087E+02  4.000E-06  1.423E-07  0.000E+00  0.000E+00  0.000E+00
  26  1.400E+02  2.104E+02  4.000E-06  1.400E-07  0.000E+00  0.000E+00  0.000E+00
  27  1.500E+02  2.121E+02  4.000E-06  1.350E-07  0.000E+00  0.000E+00  0.000E+00
  28  1.600E+02  2.144E+02  4.000E-06  1.300E-07  0.000E+00  0.000E+00  0.000E+00
  29  1.700E+02  2.162E+02  4.149E-06  1.288E-07  0.000E+00  0.000E+00  0.000E+00
  30  1.800E+02  2.172E+02  4.436E-06  1.170E-07  0.000E+00  0.000E+00  0.000E+00
  31  1.900E+02  2.181E+02  5.367E-06  1.238E-07  0.000E+00  0.000E+00  0.000E+00
  32  2.000E+02  2.193E+02  6.934E-06  1.059E-07  0.000E+00  0.000E+00  0.000E+00
  33  2.100E+02  2.202E+02  8.826E-06  9.476E-08  0.000E+00  0.000E+00  0.000E+00
  34  2.200E+02  2.215E+02  1.082E-05  9.421E-08  0.000E+00  0.000E+00  0.000E+00
  35  2.300E+02  2.227E+02  1.247E-05  6.650E-08  0.000E+00  0.000E+00  0.000E+00
  36  2.400E+02  2.241E+02  1.404E-05  6.500E-08  0.000E+00  0.000E+00  0.000E+00
  37  2.500E+02  2.256E+02  1.794E-05  8.389E-08  0.000E+00  0.000E+00  0.000E+00
  38  2.600E+02  2.267E+02  2.301E-05  8.222E-08  0.000E+00  0.000E+00  0.000E+00
  39  2.700E+02  2.284E+02  3.069E-05  8.444E-08  0.000E+00  0.000E+00  0.000E+00
  40  2.800E+02  2.303E+02  3.585E-05  7.556E-08  0.000E+00  0.000E+00  0.000E+00
  41  2.900E+02  2.323E+02  4.270E-05  5.235E-08  0.000E+00  0.000E+00  0.000E+00
  42  3.000E+02  2.343E+02  5.099E-05  5.778E-08  0.000E+00  0.000E+00  0.000E+00
  43  3.100E+02  2.361E+02  5.883E-05  5.765E-08  0.000E+00  0.000E+00  0.000E+00
  44  3.200E+02  2.379E+02  6.406E-05  6.687E-08  0.000E+00  0.000E+00  0.000E+00
  45  3.300E+02  2.401E+02  5.858E-05  7.353E-08  0.000E+00  0.000E+00  0.000E+00
  46  3.400E+02  2.414E+02  6.619E-05  7.133E-08  0.000E+00  0.000E+00  0.000E+00
  47  3.500E+02  2.432E+02  7.080E-05  6.188E-08  0.000E+00  0.000E+00  0.000E+00
  48  3.600E+02  2.449E+02  8.124E-05  6.667E-08  0.000E+00  0.000E+00  0.000E+00
  49  3.700E+02  2.467E+02  9.862E-05  6.267E-08  0.000E+00  0.000E+00  0.000E+00
  50  3.800E+02  2.482E+02  1.150E-04  6.467E-08  0.000E+00  0.000E+00  0.000E+00
  51  3.900E+02  2.501E+02  1.062E-04  7.000E-08  0.000E+00  0.000E+00  0.000E+00
  52  4.000E+02  2.517E+02  1.039E-04  7.000E-08  0.000E+00  0.000E+00  0.000E+00
  53  4.100E+02  2.533E+02  1.270E-04  7.000E-08  0.000E+00  0.000E+00  0.000E+00
  54  4.200E+02  2.548E+02  1.597E-04  7.154E-08  0.000E+00  0.000E+00  0.000E+00
  55  4.300E+02  2.563E+02  2.016E-04  8.000E-08  0.000E+00  0.000E+00  0.000E+00
  56  4.400E+02  2.575E+02  2.610E-04  7.500E-08  0.000E+00  0.000E+00  0.000E+00
  57  4.500E+02  2.585E+02  3.323E-04  7.923E-08  0.000E+00  0.000E+00  0.000E+00
  58  4.600E+02  2.595E+02  3.472E-04  7.833E-08  0.000E+00  0.000E+00  0.000E+00
  59  4.700E+02  2.606E+02  4.027E-04  7.769E-08  0.000E+00  0.000E+00  0.000E+00
  60  4.800E+02  2.616E+02  5.453E-04  7.000E-08  0.000E+00  0.000E+00  0.000E+00
  61  4.900E+02  2.627E+02  4.470E-04  7.000E-08  0.000E+00  0.000E+00  0.000E+00
  62  5.000E+02  2.640E+02  4.250E-04  7.000E-08  0.000E+00  0.000E+00  0.000E+00
  63  5.100E+02  2.652E+02  4.398E-04  7.000E-08  0.000E+00  0.000E+00  0.000E+00
  64  5.200E+02  2.665E+02  4.101E-04  7.000E-08  0.000E+00  0.000E+00  0.000E+00
  65  5.300E+02  2.678E+02  4.027E-04  7.000E-08  0.000E+00  0.000E+00  0.000E+00
  66  5.400E+02  2.689E+02  3.575E-04  7.000E-08  0.000E+00  0.000E+00  0.000E+00
  67  5.500E+02  2.698E+02  4.142E-04  7.091E-08  0.000E+00  0.000E+00  0.000E+00
  68  5.600E+02  2.706E+02  4.737E-04  6.909E-08  0.000E+00  0.000E+00  0.000E+00
  69  5.700E+02  2.714E+02  4.793E-04  7.000E-08  0.000E+00  0.000E+00  0.000E+00
  70  5.800E+02  2.721E+02  5.310E-04  6.727E-08  0.000E+00  0.000E+00  0.000E+00
  71  5.900E+02  2.729E+02  5.492E-04  6.000E-08  0.000E+00  0.000E+00  0.000E+00
  72  6.000E+02  2.735E+02  4.052E-04  6.100E-08  0.000E+00  0.000E+00  0.000E+00
  73  6.100E+02  2.739E+02  2.244E-04  7.364E-08  0.000E+00  0.000E+00  0.000E+00
  74  6.200E+02  2.742E+02  2.020E-04  8.000E-08  0.000E+00  0.000E+00  0.000E+00
  75  6.300E+02  2.747E+02  2.711E-04  8.909E-08  0.000E+00  0.000E+00  0.000E+00
  76  6.400E+02  2.751E+02  5.369E-04  8.909E-08  0.000E+00  0.000E+00  0.000E+00
  77  6.500E+02  2.752E+02  1.123E-03  8.455E-08  0.000E+00  0.000E+00  0.000E+00
  78  6.600E+02  2.761E+02  1.140E-03  8.182E-08  0.000E+00  0.000E+00  0.000E+00
  79  6.700E+02  2.770E+02  1.084E-03  8.444E-08  0.000E+00  0.000E+00  0.000E+00
  80  6.800E+02  2.778E+02  1.273E-03  9.222E-08  0.000E+00  0.000E+00  0.000E+00
  81  6.900E+02  2.787E+02  1.381E-03  9.000E-08  0.000E+00  0.000E+00  0.000E+00
  82  7.000E+02  2.795E+02  1.475E-03  9.333E-08  0.000E+00  0.000E+00  0.000E+00
  83  7.100E+02  2.805E+02  1.527E-03  9.125E-08  0.000E+00  0.000E+00  0.000E+00
  84  7.200E+02  2.813E+02  1.563E-03  9.250E-08  0.000E+00  0.000E+00  0.000E+00
  85  7.300E+02  2.821E+02  1.603E-03  9.375E-08  0.000E+00  0.000E+00  0.000E+00
  86  7.400E+02  2.829E+02  1.771E-03  1.000E-07  0.000E+00  0.000E+00  0.000E+00
  87  7.500E+02  2.831E+02  3.143E-03  1.000E-07  0.000E+00  0.000E+00  0.000E+00
  88  7.600E+02  2.833E+02  5.285E-03  1.000E-07  0.000E+00  0.000E+00  0.000E+00
  89  7.700E+02  2.839E+02  6.805E-03  1.000E-07  0.000E+00  0.000E+00  0.000E+00
  90  7.800E+02  2.850E+02  6.983E-03  1.000E-07  0.000E+00  0.000E+00  0.000E+00
  91  7.900E+02  2.860E+02  6.910E-03  1.000E-07  0.000E+00  0.000E+00  0.000E+00
  92  8.000E+02  2.867E+02  7.306E-03  1.088E-07  0.000E+00  0.000E+00  0.000E+00
  93  8.100E+02  2.875E+02  6.997E-03  1.100E-07  0.000E+00  0.000E+00  0.000E+00
  94  8.200E+02  2.883E+02  6.839E-03  1.200E-07  0.000E+00  0.000E+00  0.000E+00
  95  8.300E+02  2.891E+02  7.192E-03  1.200E-07  0.000E+00  0.000E+00  0.000E+00
  96  8.400E+02  2.899E+02  7.475E-03  1.200E-07  0.000E+00  0.000E+00  0.000E+00
  97  8.500E+02  2.907E+02  7.447E-03  1.200E-07  0.000E+00  0.000E+00  0.000E+00
  98  8.600E+02  2.916E+02  7.273E-03  1.200E-07  0.000E+00  0.000E+00  0.000E+00
  99  8.700E+02  2.926E+02  7.084E-03  1.200E-07  0.000E+00  0.000E+00  0.000E+00
 100  8.800E+02  2.934E+02  7.213E-03  1.200E-07  0.000E+00  0.000E+00  1.200E-02
 101  8.900E+02  2.944E+02  7.320E-03  1.200E-07  0.000E+00  0.000E+00  1.200E-02
 102  9.000E+02  2.953E+02  7.334E-03  1.200E-07  0.000E+00  0.000E+00  1.200E-02
 103  9.100E+02  2.959E+02  7.576E-03  1.200E-07  0.000E+00  0.000E+00  1.200E-02
 104  9.200E+02  2.962E+02  8.341E-03  1.200E-07  0.000E+00  0.000E+00  1.200E-02
 105  9.300E+02  2.970E+02  8.545E-03  1.200E-07  0.000E+00  0.000E+00  1.200E-02
 106  9.400E+02  2.979E+02  8.767E-03  1.200E-07  0.000E+00  0.000E+00  1.200E-02
 107  9.500E+02  2.986E+02  8.840E-03  1.200E-07  0.000E+00  0.000E+00  1.200E-02
 108  9.600E+02  2.996E+02  8.941E-03  1.157E-07  0.000E+00  0.000E+00  1.200E-02
 109  9.700E+02  3.006E+02  8.857E-03  1.100E-07  0.000E+00  0.000E+00  1.200E-02
 110  9.800E+02  3.028E+02  9.428E-03  1.160E-07  0.000E+00  0.000E+00  0.000E+00
     981.533 surface pressure
     304.183 surface air temperature
     304.183 ground (skin) temperature
   1 surface type flag (0=ocn, 1=lnd, 2=sea-ice)
     1.00000E-01 surface aerodynamic roughness (m)
   0. snow cover (m) in liquid water equivalent
    0.106319 visible surface albedo for strong zen ang dep surface
    0.106319 visible surface albedo for weak zen ang dep surface
    0.262607 NIR surface albedo for strong zen ang dep surface
    0.262607 NIR surface albedo for weak zen ang dep surface
   0. fraction of surface with strong zen ang dependence
     3.52000E-04 co2 volume mixing ratio CO2_vmr
