 CCM Column Radiation Model (CRM) Input File -*-text-*-
 AFGL MIDLATITUDE SUMMER
 CRM homepage: http://dust.ess.uci.edu/crm
   172.50000000000 Julian day of year (1.5 = Noon, Jan 1; from 1 to 365)
   40.0000000000000       Latitude (degrees North, from -90.0 to +90.0)
 Level  p [mb]      T [K]    H2O mmr    O3 mmr     Cld frc.  Cld CWP            
    
   1  2.459E-05  3.674E+02  1.294E-07  1.301E-09  0.000E+00  0.000E+00
   2  2.931E-05  3.420E+02  1.393E-07  3.695E-09  0.000E+00  0.000E+00
   3  3.582E-05  3.176E+02  1.493E-07  1.308E-08  0.000E+00  0.000E+00
   4  4.416E-05  2.950E+02  1.589E-07  3.430E-08  0.000E+00  0.000E+00
   5  5.496E-05  2.732E+02  1.689E-07  6.546E-08  0.000E+00  0.000E+00
   6  6.947E-05  2.544E+02  1.816E-07  1.301E-07  0.000E+00  0.000E+00
   7  8.967E-05  2.382E+02  1.965E-07  2.287E-07  0.000E+00  0.000E+00
   8  1.187E-04  2.230E+02  2.115E-07  3.372E-07  0.000E+00  0.000E+00
   9  1.608E-04  2.095E+02  2.261E-07  4.590E-07  0.000E+00  0.000E+00
  10  2.219E-04  1.969E+02  2.410E-07  5.933E-07  0.000E+00  0.000E+00
  11  3.110E-04  1.881E+02  2.647E-07  7.639E-07  0.000E+00  0.000E+00
  12  4.422E-04  1.831E+02  2.982E-07  9.653E-07  0.000E+00  0.000E+00
  13  6.369E-04  1.781E+02  3.440E-07  1.127E-06  0.000E+00  0.000E+00
  14  9.291E-04  1.730E+02  4.099E-07  1.206E-06  0.000E+00  0.000E+00
  15  1.373E-03  1.676E+02  4.883E-07  1.234E-06  0.000E+00  0.000E+00
  16  2.047E-03  1.650E+02  5.847E-07  1.191E-06  0.000E+00  0.000E+00
  17  3.061E-03  1.651E+02  7.028E-07  1.077E-06  0.000E+00  0.000E+00
  18  4.570E-03  1.660E+02  8.428E-07  9.189E-07  0.000E+00  0.000E+00
  19  6.797E-03  1.687E+02  1.014E-06  6.952E-07  0.000E+00  0.000E+00
  20  1.006E-02  1.723E+02  1.207E-06  4.499E-07  0.000E+00  0.000E+00
  21  1.480E-02  1.785E+02  1.412E-06  3.173E-07  0.000E+00  0.000E+00
  22  2.142E-02  1.873E+02  1.623E-06  3.049E-07  0.000E+00  0.000E+00
  23  3.038E-02  1.961E+02  1.829E-06  3.422E-07  0.000E+00  0.000E+00
  24  4.232E-02  2.049E+02  2.021E-06  4.458E-07  0.000E+00  0.000E+00
  25  5.806E-02  2.137E+02  2.208E-06  5.883E-07  0.000E+00  0.000E+00
  26  7.879E-02  2.225E+02  2.388E-06  7.905E-07  0.000E+00  0.000E+00
  27  1.057E-01  2.313E+02  2.563E-06  1.052E-06  0.000E+00  0.000E+00
  28  1.402E-01  2.396E+02  2.730E-06  1.339E-06  0.000E+00  0.000E+00
  29  1.843E-01  2.469E+02  2.889E-06  1.657E-06  0.000E+00  0.000E+00
  30  2.405E-01  2.537E+02  3.038E-06  1.989E-06  0.000E+00  0.000E+00
  31  3.124E-01  2.595E+02  3.157E-06  2.312E-06  0.000E+00  0.000E+00
  32  4.036E-01  2.645E+02  3.247E-06  2.635E-06  0.000E+00  0.000E+00
  33  5.189E-01  2.688E+02  3.318E-06  3.049E-06  0.000E+00  0.000E+00
  34  6.648E-01  2.719E+02  3.368E-06  3.621E-06  0.000E+00  0.000E+00
  35  8.486E-01  2.744E+02  3.405E-06  4.292E-06  0.000E+00  0.000E+00
  36  1.082E+00  2.755E+02  3.421E-06  5.104E-06  0.000E+00  0.000E+00
  37  1.384E+00  2.736E+02  3.412E-06  6.173E-06  0.000E+00  0.000E+00
  38  1.774E+00  2.697E+02  3.377E-06  7.573E-06  0.000E+00  0.000E+00
  39  2.281E+00  2.650E+02  3.312E-06  9.346E-06  0.000E+00  0.000E+00
  40  2.950E+00  2.600E+02  3.222E-06  1.142E-05  0.000E+00  0.000E+00
  41  3.835E+00  2.550E+02  3.147E-06  1.329E-05  0.000E+00  0.000E+00
  42  5.009E+00  2.501E+02  3.107E-06  1.437E-05  0.000E+00  0.000E+00
  43  6.597E+00  2.451E+02  3.073E-06  1.446E-05  0.000E+00  0.000E+00
  44  8.744E+00  2.403E+02  3.026E-06  1.365E-05  0.000E+00  0.000E+00
  45  1.159E+01  2.358E+02  2.961E-06  1.233E-05  0.000E+00  0.000E+00
  46  1.545E+01  2.316E+02  2.861E-06  1.094E-05  0.000E+00  0.000E+00
  47  2.078E+01  2.279E+02  2.740E-06  9.537E-06  0.000E+00  0.000E+00
  48  2.578E+01  2.258E+02  2.647E-06  8.377E-06  0.000E+00  0.000E+00
  49  2.995E+01  2.245E+02  2.550E-06  7.291E-06  0.000E+00  0.000E+00
  50  3.490E+01  2.234E+02  2.441E-06  6.131E-06  0.000E+00  0.000E+00
  51  4.065E+01  2.222E+02  2.317E-06  5.220E-06  0.000E+00  0.000E+00
  52  4.735E+01  2.210E+02  2.192E-06  4.391E-06  0.000E+00  0.000E+00
  53  5.525E+01  2.198E+02  2.099E-06  3.646E-06  0.000E+00  0.000E+00
  54  6.450E+01  2.185E+02  2.021E-06  2.900E-06  0.000E+00  0.000E+00
  55  7.535E+01  2.174E+02  1.975E-06  2.071E-06  0.000E+00  0.000E+00
  56  8.810E+01  2.162E+02  1.975E-06  1.409E-06  0.000E+00  0.000E+00
  57  1.030E+02  2.157E+02  2.021E-06  1.077E-06  0.000E+00  0.000E+00
  58  1.205E+02  2.157E+02  2.084E-06  9.114E-07  0.000E+00  0.000E+00
  59  1.415E+02  2.157E+02  2.612E-06  7.789E-07  0.000E+00  0.000E+00
  60  1.660E+02  2.158E+02  4.043E-06  6.131E-07  0.000E+00  0.000E+00
  61  1.940E+02  2.191E+02  1.163E-05  4.333E-07  0.000E+00  0.000E+00
  62  2.260E+02  2.256E+02  3.887E-05  3.331E-07  0.000E+00  0.000E+00
  63  2.620E+02  2.321E+02  1.065E-04  2.560E-07  0.000E+00  0.000E+00
  64  3.025E+02  2.385E+02  2.053E-04  1.997E-07  0.000E+00  0.000E+00
  65  3.480E+02  2.449E+02  3.293E-04  1.676E-07  0.000E+00  0.000E+00
  66  3.990E+02  2.514E+02  5.181E-04  1.399E-07  0.000E+00  0.000E+00
  67  4.565E+02  2.580E+02  7.868E-04  1.174E-07  0.000E+00  0.000E+00
  68  5.205E+02  2.642E+02  1.163E-03  9.877E-08  0.000E+00  0.000E+00
  69  5.910E+02  2.702E+02  1.878E-03  8.559E-08  0.000E+00  0.000E+00
  70  6.690E+02  2.762E+02  3.045E-03  7.490E-08  0.000E+00  0.000E+00
  71  7.560E+02  2.822E+02  4.870E-03  6.554E-08  0.000E+00  0.000E+00
  72  8.520E+02  2.875E+02  7.302E-03  5.825E-08  0.000E+00  0.000E+00
  73  9.575E+02  2.920E+02  1.014E-02  5.270E-08  0.000E+00  0.000E+00
   1013.25       Surface pressure [mb]
   294.2000      Surface air temperature [K]
   294.2000      Ground (skin) temperature [K]
   1.000000      Surface type flag (0=ocn, 1=lnd, 2=sea ice)
  9.9999998E-03  Surface aerodynamic roughness [m] (obsolete)
  0.0000000E+00  Snow cover liquid water equivalent [m]
  0.1000000      Albedo (Vis, direct)
  0.1000000      Albedo (Vis, diffuse)
  0.1000000      Albedo (NIR, direct)
  0.1000000      Albedo (NIR, diffuse)
  0.0000000E+00  Fraction strong zenith angle dep. sfc. (obsolete)
  3.5500000E-04  CO2 volume mixing ratio
  3.1100001E-07  N2O volume mixing ratio
  1.7139999E-06  CH4 volume mixing ratio
  2.8000000E-10  CFC11 volume mixing ratio
  5.0299998E-10  CFC12 volume mixing ratio
  0.0000000E+00  Aerosol visible opt. depth
   1367.000      Solar constant [W m-2]
        1995  Year AD
   262.515900000000       Longitude (degrees East, from 0.0 to 360.0)
