 CCM Column Radiation Model (CRM) Input File -*-text-*-
 AFGL MIDLATITUDE WINTER
 CRM homepage: http://dust.ess.uci.edu/crm
   172.50000000000 Julian day of year (1.5 = Noon, Jan 1; from 1 to 365)
   40.0000000000000       Latitude (degrees North, from -90.0 to +90.0)
 Level  p [mb]      T [K]    H2O mmr    O3 mmr     Cld frc.  Cld CWP            
    
   1  3.954E-05  3.250E+02  1.294E-07  1.317E-09  0.000E+00  0.000E+00
   2  4.828E-05  3.090E+02  1.393E-07  3.729E-09  0.000E+00  0.000E+00
   3  6.017E-05  2.936E+02  1.493E-07  1.302E-08  0.000E+00  0.000E+00
   4  7.530E-05  2.796E+02  1.589E-07  3.405E-08  0.000E+00  0.000E+00
   5  9.472E-05  2.662E+02  1.689E-07  6.529E-08  0.000E+00  0.000E+00
   6  1.204E-04  2.550E+02  1.816E-07  1.309E-07  0.000E+00  0.000E+00
   7  1.550E-04  2.461E+02  1.965E-07  2.295E-07  0.000E+00  0.000E+00
   8  2.022E-04  2.375E+02  2.115E-07  3.364E-07  0.000E+00  0.000E+00
   9  2.671E-04  2.297E+02  2.261E-07  4.557E-07  0.000E+00  0.000E+00
  10  3.560E-04  2.223E+02  2.410E-07  5.908E-07  0.000E+00  0.000E+00
  11  4.787E-04  2.166E+02  2.647E-07  7.971E-07  0.000E+00  0.000E+00
  12  6.494E-04  2.124E+02  2.982E-07  1.066E-06  0.000E+00  0.000E+00
  13  8.895E-04  2.084E+02  3.440E-07  1.273E-06  0.000E+00  0.000E+00
  14  1.228E-03  2.048E+02  4.099E-07  1.346E-06  0.000E+00  0.000E+00
  15  1.703E-03  2.012E+02  4.883E-07  1.337E-06  0.000E+00  0.000E+00
  16  2.371E-03  1.996E+02  5.878E-07  1.248E-06  0.000E+00  0.000E+00
  17  3.309E-03  1.996E+02  7.059E-07  1.085E-06  0.000E+00  0.000E+00
  18  4.626E-03  2.008E+02  8.366E-07  9.007E-07  0.000E+00  0.000E+00
  19  6.449E-03  2.039E+02  9.921E-07  6.910E-07  0.000E+00  0.000E+00
  20  8.901E-03  2.081E+02  1.160E-06  4.814E-07  0.000E+00  0.000E+00
  21  1.217E-02  2.121E+02  1.331E-06  3.803E-07  0.000E+00  0.000E+00
  22  1.654E-02  2.162E+02  1.505E-06  3.903E-07  0.000E+00  0.000E+00
  23  2.247E-02  2.204E+02  1.673E-06  4.184E-07  0.000E+00  0.000E+00
  24  3.049E-02  2.246E+02  1.829E-06  4.582E-07  0.000E+00  0.000E+00
  25  4.104E-02  2.286E+02  1.978E-06  5.054E-07  0.000E+00  0.000E+00
  26  5.477E-02  2.328E+02  2.140E-06  6.007E-07  0.000E+00  0.000E+00
  27  7.263E-02  2.369E+02  2.314E-06  7.490E-07  0.000E+00  0.000E+00
  28  9.590E-02  2.409E+02  2.479E-06  9.388E-07  0.000E+00  0.000E+00
  29  1.264E-01  2.449E+02  2.619E-06  1.197E-06  0.000E+00  0.000E+00
  30  1.658E-01  2.488E+02  2.740E-06  1.501E-06  0.000E+00  0.000E+00
  31  2.168E-01  2.528E+02  2.846E-06  1.881E-06  0.000E+00  0.000E+00
  32  2.821E-01  2.566E+02  2.936E-06  2.345E-06  0.000E+00  0.000E+00
  33  3.649E-01  2.601E+02  3.004E-06  2.859E-06  0.000E+00  0.000E+00
  34  4.704E-01  2.627E+02  3.041E-06  3.472E-06  0.000E+00  0.000E+00
  35  6.064E-01  2.647E+02  3.066E-06  4.184E-06  0.000E+00  0.000E+00
  36  7.828E-01  2.655E+02  3.091E-06  5.187E-06  0.000E+00  0.000E+00
  37  1.009E+00  2.632E+02  3.107E-06  6.413E-06  0.000E+00  0.000E+00
  38  1.304E+00  2.582E+02  3.110E-06  7.739E-06  0.000E+00  0.000E+00
  39  1.699E+00  2.524E+02  3.107E-06  9.297E-06  0.000E+00  0.000E+00
  40  2.228E+00  2.462E+02  3.091E-06  1.078E-05  0.000E+00  0.000E+00
  41  2.941E+00  2.401E+02  3.066E-06  1.164E-05  0.000E+00  0.000E+00
  42  3.911E+00  2.339E+02  3.041E-06  1.185E-05  0.000E+00  0.000E+00
  43  5.246E+00  2.279E+02  3.017E-06  1.172E-05  0.000E+00  0.000E+00
  44  7.089E+00  2.224E+02  2.992E-06  1.132E-05  0.000E+00  0.000E+00
  45  9.629E+00  2.186E+02  2.967E-06  1.058E-05  0.000E+00  0.000E+00
  46  1.316E+01  2.166E+02  2.942E-06  9.769E-06  0.000E+00  0.000E+00
  47  1.802E+01  2.156E+02  2.917E-06  9.123E-06  0.000E+00  0.000E+00
  48  2.261E+01  2.152E+02  2.898E-06  8.634E-06  0.000E+00  0.000E+00
  49  2.650E+01  2.152E+02  2.877E-06  8.120E-06  0.000E+00  0.000E+00
  50  3.100E+01  2.152E+02  2.846E-06  7.457E-06  0.000E+00  0.000E+00
  51  3.625E+01  2.152E+02  2.824E-06  6.794E-06  0.000E+00  0.000E+00
  52  4.245E+01  2.152E+02  2.808E-06  6.131E-06  0.000E+00  0.000E+00
  53  4.975E+01  2.152E+02  2.799E-06  5.303E-06  0.000E+00  0.000E+00
  54  5.825E+01  2.152E+02  2.799E-06  4.309E-06  0.000E+00  0.000E+00
  55  6.820E+01  2.154E+02  2.799E-06  3.397E-06  0.000E+00  0.000E+00
  56  7.985E+01  2.159E+02  2.799E-06  2.651E-06  0.000E+00  0.000E+00
  57  9.340E+01  2.164E+02  2.830E-06  2.071E-06  0.000E+00  0.000E+00
  58  1.092E+02  2.169E+02  2.892E-06  1.657E-06  0.000E+00  0.000E+00
  59  1.278E+02  2.174E+02  2.954E-06  1.409E-06  0.000E+00  0.000E+00
  60  1.494E+02  2.179E+02  3.048E-06  1.246E-06  0.000E+00  0.000E+00
  61  1.746E+02  2.184E+02  3.421E-06  1.017E-06  0.000E+00  0.000E+00
  62  2.041E+02  2.189E+02  4.976E-06  7.333E-07  0.000E+00  0.000E+00
  63  2.384E+02  2.194E+02  1.232E-05  4.963E-07  0.000E+00  0.000E+00
  64  2.780E+02  2.227E+02  2.653E-05  3.265E-07  0.000E+00  0.000E+00
  65  3.233E+02  2.287E+02  5.091E-05  2.163E-07  0.000E+00  0.000E+00
  66  3.745E+02  2.347E+02  1.057E-04  1.515E-07  0.000E+00  0.000E+00
  67  4.321E+02  2.407E+02  2.308E-04  1.138E-07  0.000E+00  0.000E+00
  68  4.970E+02  2.467E+02  4.149E-04  8.750E-08  0.000E+00  0.000E+00
  69  5.697E+02  2.527E+02  6.543E-04  6.869E-08  0.000E+00  0.000E+00
  70  6.510E+02  2.587E+02  1.048E-03  5.609E-08  0.000E+00  0.000E+00
  71  7.418E+02  2.635E+02  1.518E-03  5.013E-08  0.000E+00  0.000E+00
  72  8.435E+02  2.670E+02  1.941E-03  4.681E-08  0.000E+00  0.000E+00
  73  9.577E+02  2.705E+02  2.416E-03  4.623E-08  0.000E+00  0.000E+00
   1018.000      Surface pressure [mb]
   272.2000      Surface air temperature [K]
   272.2000      Ground (skin) temperature [K]
   1.000000      Surface type flag (0=ocn, 1=lnd, 2=sea ice)
  9.9999998E-03  Surface aerodynamic roughness [m] (obsolete)
  0.0000000E+00  Snow cover liquid water equivalent [m]
  0.1000000      Albedo (Vis, direct)
  0.1000000      Albedo (Vis, diffuse)
  0.1000000      Albedo (NIR, direct)
  0.1000000      Albedo (NIR, diffuse)
  0.0000000E+00  Fraction strong zenith angle dep. sfc. (obsolete)
  3.5500000E-04  CO2 volume mixing ratio
  3.1100001E-07  N2O volume mixing ratio
  1.7139999E-06  CH4 volume mixing ratio
  2.8000000E-10  CFC11 volume mixing ratio
  5.0299998E-10  CFC12 volume mixing ratio
  0.0000000E+00  Aerosol visible opt. depth
   1367.000      Solar constant [W m-2]
        1995  Year AD
   262.515900000000       Longitude (degrees East, from 0.0 to 360.0)
