 CCM Column Radiation Model (CRM) Input File -*-text-*-
 AFGL SUBARCTIC SUMMER at 75N
 CRM homepage: http://dust.ess.uci.edu/crm
   172.50000000000 Julian day of year (1.5 = Noon, Jan 1; from 1 to 365)
 75.0  Latitude (degrees North, from -90.0 to +90.0)
 Level  p [mb]      T [K]    H2O mmr    O3 mmr     Cld frc.  Cld CWP               
   1  2.451E-05  3.686E+02  1.294E-07  1.317E-09  0.000E+00  0.000E+00
   2  2.921E-05  3.456E+02  1.393E-07  3.729E-09  0.000E+00  0.000E+00
   3  3.560E-05  3.232E+02  1.493E-07  1.310E-08  0.000E+00  0.000E+00
   4  4.371E-05  3.016E+02  1.589E-07  3.414E-08  0.000E+00  0.000E+00
   5  5.411E-05  2.806E+02  1.689E-07  6.529E-08  0.000E+00  0.000E+00
   6  6.796E-05  2.613E+02  1.816E-07  1.309E-07  0.000E+00  0.000E+00
   7  8.712E-05  2.437E+02  1.965E-07  2.295E-07  0.000E+00  0.000E+00
   8  1.146E-04  2.269E+02  2.115E-07  3.364E-07  0.000E+00  0.000E+00
   9  1.545E-04  2.118E+02  2.261E-07  4.557E-07  0.000E+00  0.000E+00
  10  2.132E-04  1.975E+02  2.410E-07  5.908E-07  0.000E+00  0.000E+00
  11  2.996E-04  1.877E+02  2.647E-07  7.954E-07  0.000E+00  0.000E+00
  12  4.276E-04  1.822E+02  2.982E-07  1.063E-06  0.000E+00  0.000E+00
  13  6.176E-04  1.767E+02  3.440E-07  1.286E-06  0.000E+00  0.000E+00
  14  9.041E-04  1.708E+02  4.099E-07  1.410E-06  0.000E+00  0.000E+00
  15  1.344E-03  1.646E+02  4.883E-07  1.469E-06  0.000E+00  0.000E+00
  16  2.021E-03  1.616E+02  5.878E-07  1.419E-06  0.000E+00  0.000E+00
  17  3.053E-03  1.616E+02  7.059E-07  1.261E-06  0.000E+00  0.000E+00
  18  4.606E-03  1.626E+02  8.366E-07  1.047E-06  0.000E+00  0.000E+00
  19  6.934E-03  1.652E+02  9.921E-07  7.581E-07  0.000E+00  0.000E+00
  20  1.042E-02  1.688E+02  1.160E-06  4.474E-07  0.000E+00  0.000E+00
  21  1.555E-02  1.752E+02  1.331E-06  2.925E-07  0.000E+00  0.000E+00
  22  2.275E-02  1.844E+02  1.505E-06  2.991E-07  0.000E+00  0.000E+00
  23  3.239E-02  1.936E+02  1.673E-06  3.521E-07  0.000E+00  0.000E+00
  24  4.505E-02  2.028E+02  1.829E-06  4.565E-07  0.000E+00  0.000E+00
  25  6.162E-02  2.120E+02  1.978E-06  5.916E-07  0.000E+00  0.000E+00
  26  8.336E-02  2.212E+02  2.140E-06  7.921E-07  0.000E+00  0.000E+00
  27  1.117E-01  2.304E+02  2.314E-06  1.056E-06  0.000E+00  0.000E+00
  28  1.484E-01  2.397E+02  2.479E-06  1.324E-06  0.000E+00  0.000E+00
  29  1.955E-01  2.489E+02  2.619E-06  1.591E-06  0.000E+00  0.000E+00
  30  2.549E-01  2.581E+02  2.740E-06  1.856E-06  0.000E+00  0.000E+00
  31  3.296E-01  2.649E+02  2.846E-06  2.146E-06  0.000E+00  0.000E+00
  32  4.232E-01  2.694E+02  2.936E-06  2.477E-06  0.000E+00  0.000E+00
  33  5.411E-01  2.731E+02  3.004E-06  2.859E-06  0.000E+00  0.000E+00
  34  6.906E-01  2.752E+02  3.041E-06  3.323E-06  0.000E+00  0.000E+00
  35  8.806E-01  2.765E+02  3.066E-06  3.861E-06  0.000E+00  0.000E+00
  36  1.124E+00  2.768E+02  3.091E-06  4.599E-06  0.000E+00  0.000E+00
  37  1.436E+00  2.755E+02  3.107E-06  5.667E-06  0.000E+00  0.000E+00
  38  1.834E+00  2.733E+02  3.110E-06  7.010E-06  0.000E+00  0.000E+00
  39  2.349E+00  2.700E+02  3.110E-06  8.609E-06  0.000E+00  0.000E+00
  40  3.019E+00  2.651E+02  3.110E-06  1.054E-05  0.000E+00  0.000E+00
  41  3.909E+00  2.591E+02  3.110E-06  1.215E-05  0.000E+00  0.000E+00
  42  5.092E+00  2.532E+02  3.110E-06  1.278E-05  0.000E+00  0.000E+00
  43  6.685E+00  2.472E+02  3.110E-06  1.256E-05  0.000E+00  0.000E+00
  44  8.847E+00  2.417E+02  3.110E-06  1.165E-05  0.000E+00  0.000E+00
  45  1.174E+01  2.371E+02  3.110E-06  1.024E-05  0.000E+00  0.000E+00
  46  1.564E+01  2.334E+02  3.097E-06  9.181E-06  0.000E+00  0.000E+00
  47  2.093E+01  2.306E+02  3.073E-06  8.451E-06  0.000E+00  0.000E+00
  48  2.589E+01  2.287E+02  3.054E-06  7.722E-06  0.000E+00  0.000E+00
  49  3.004E+01  2.273E+02  3.032E-06  7.209E-06  0.000E+00  0.000E+00
  50  3.489E+01  2.259E+02  3.010E-06  6.546E-06  0.000E+00  0.000E+00
  51  4.055E+01  2.252E+02  2.995E-06  5.800E-06  0.000E+00  0.000E+00
  52  4.715E+01  2.252E+02  2.954E-06  4.971E-06  0.000E+00  0.000E+00
  53  5.485E+01  2.252E+02  2.892E-06  3.977E-06  0.000E+00  0.000E+00
  54  6.380E+01  2.252E+02  2.830E-06  3.149E-06  0.000E+00  0.000E+00
  55  7.420E+01  2.252E+02  2.737E-06  2.486E-06  0.000E+00  0.000E+00
  56  8.630E+01  2.252E+02  2.597E-06  1.906E-06  0.000E+00  0.000E+00
  57  1.004E+02  2.252E+02  2.503E-06  1.533E-06  0.000E+00  0.000E+00
  58  1.170E+02  2.252E+02  2.488E-06  1.284E-06  0.000E+00  0.000E+00
  59  1.360E+02  2.252E+02  2.488E-06  1.077E-06  0.000E+00  0.000E+00
  60  1.580E+02  2.252E+02  2.628E-06  9.114E-07  0.000E+00  0.000E+00
  61  1.838E+02  2.252E+02  3.250E-06  7.540E-07  0.000E+00  0.000E+00
  62  2.138E+02  2.252E+02  6.002E-06  5.924E-07  0.000E+00  0.000E+00
  63  2.488E+02  2.252E+02  1.732E-05  4.093E-07  0.000E+00  0.000E+00
  64  2.892E+02  2.287E+02  5.361E-05  2.743E-07  0.000E+00  0.000E+00
  65  3.349E+02  2.357E+02  1.648E-04  1.931E-07  0.000E+00  0.000E+00
  66  3.860E+02  2.426E+02  3.723E-04  1.396E-07  0.000E+00  0.000E+00
  67  4.435E+02  2.496E+02  6.615E-04  1.185E-07  0.000E+00  0.000E+00
  68  5.075E+02  2.566E+02  1.104E-03  9.852E-08  0.000E+00  0.000E+00
  69  5.785E+02  2.628E+02  1.742E-03  8.128E-08  0.000E+00  0.000E+00
  70  6.580E+02  2.682E+02  2.550E-03  6.935E-08  0.000E+00  0.000E+00
  71  7.465E+02  2.736E+02  3.598E-03  6.024E-08  0.000E+00  0.000E+00
  72  8.445E+02  2.790E+02  4.805E-03  5.237E-08  1.0        100.0
  73  9.530E+02  2.844E+02  6.406E-03  4.433E-08  0.000E+00  0.000E+00
 1010.  Surface pressure [mb]
 287.2  Surface air temperature [K]
 287.2  Ground (skin) temperature [K]
 1.  Surface type flag (0=ocn, 1=lnd, 2=sea ice)
 0.01  Surface aerodynamic roughness [m] (obsolete)
 0.  Snow cover liquid water equivalent [m]
  0.9800000      Albedo (Vis, direct)
  0.9800000      Albedo (Vis, diffuse)
  0.6700000      Albedo (NIR, direct)
  0.6700000      Albedo (NIR, diffuse)
 0.  Fraction strong zenith angle dep. sfc. (obsolete)
 0.000355  CO2 volume mixing ratio
 3.11E-7  N2O volume mixing ratio
 0.000001714  CH4 volume mixing ratio
 2.8E-10  CFC11 volume mixing ratio
 5.03E-10  CFC12 volume mixing ratio
 0.  Aerosol visible opt. depth
 1367.  Solar constant [W m-2]
 1995  Year AD
 321.5         Longitude (degrees East, from 0.0 to 360.0)
