 CCM Column Radiation Model (CRM) Input File -*-text-*-
 AFGL SUBARCTIC WINTER
 CRM homepage: http://dust.ess.uci.edu/crm
   172.50000000000 Julian day of year (1.5 = Noon, Jan 1; from 1 to 365)
   40.0000000000000       Latitude (degrees North, from -90.0 to +90.0)
 Level  p [mb]      T [K]    H2O mmr    O3 mmr     Cld frc.  Cld CWP            
    
   1  3.939E-05  3.241E+02  1.294E-07  1.317E-09  0.000E+00  0.000E+00
   2  4.819E-05  3.063E+02  1.393E-07  3.737E-09  0.000E+00  0.000E+00
   3  6.041E-05  2.893E+02  1.493E-07  1.303E-08  0.000E+00  0.000E+00
   4  7.614E-05  2.741E+02  1.589E-07  3.405E-08  0.000E+00  0.000E+00
   5  9.647E-05  2.598E+02  1.689E-07  6.529E-08  0.000E+00  0.000E+00
   6  1.235E-04  2.489E+02  1.816E-07  1.309E-07  0.000E+00  0.000E+00
   7  1.598E-04  2.414E+02  1.965E-07  2.295E-07  0.000E+00  0.000E+00
   8  2.093E-04  2.343E+02  2.115E-07  3.364E-07  0.000E+00  0.000E+00
   9  2.770E-04  2.278E+02  2.261E-07  4.549E-07  0.000E+00  0.000E+00
  10  3.695E-04  2.216E+02  2.410E-07  5.899E-07  0.000E+00  0.000E+00
  11  4.970E-04  2.170E+02  2.647E-07  7.979E-07  0.000E+00  0.000E+00
  12  6.734E-04  2.140E+02  2.982E-07  1.068E-06  0.000E+00  0.000E+00
  13  9.194E-04  2.109E+02  3.440E-07  1.270E-06  0.000E+00  0.000E+00
  14  1.263E-03  2.076E+02  4.099E-07  1.336E-06  0.000E+00  0.000E+00
  15  1.743E-03  2.041E+02  4.883E-07  1.331E-06  0.000E+00  0.000E+00
  16  2.410E-03  2.045E+02  5.878E-07  1.320E-06  0.000E+00  0.000E+00
  17  3.322E-03  2.088E+02  7.059E-07  1.298E-06  0.000E+00  0.000E+00
  18  4.553E-03  2.131E+02  8.366E-07  1.162E-06  0.000E+00  0.000E+00
  19  6.206E-03  2.175E+02  9.921E-07  8.269E-07  0.000E+00  0.000E+00
  20  8.406E-03  2.218E+02  1.160E-06  4.135E-07  0.000E+00  0.000E+00
  21  1.133E-02  2.260E+02  1.331E-06  2.635E-07  0.000E+00  0.000E+00
  22  1.517E-02  2.304E+02  1.505E-06  3.886E-07  0.000E+00  0.000E+00
  23  2.019E-02  2.346E+02  1.673E-06  5.386E-07  0.000E+00  0.000E+00
  24  2.673E-02  2.390E+02  1.829E-06  6.678E-07  0.000E+00  0.000E+00
  25  3.521E-02  2.432E+02  1.978E-06  7.764E-07  0.000E+00  0.000E+00
  26  4.628E-02  2.460E+02  2.140E-06  8.758E-07  0.000E+00  0.000E+00
  27  6.075E-02  2.472E+02  2.314E-06  9.736E-07  0.000E+00  0.000E+00
  28  7.977E-02  2.484E+02  2.479E-06  1.096E-06  0.000E+00  0.000E+00
  29  1.047E-01  2.494E+02  2.619E-06  1.265E-06  0.000E+00  0.000E+00
  30  1.369E-01  2.504E+02  2.740E-06  1.468E-06  0.000E+00  0.000E+00
  31  1.784E-01  2.525E+02  2.846E-06  1.773E-06  0.000E+00  0.000E+00
  32  2.320E-01  2.559E+02  2.936E-06  2.196E-06  0.000E+00  0.000E+00
  33  3.017E-01  2.583E+02  3.004E-06  2.701E-06  0.000E+00  0.000E+00
  34  3.922E-01  2.592E+02  3.041E-06  3.323E-06  0.000E+00  0.000E+00
  35  5.075E-01  2.592E+02  3.066E-06  3.985E-06  0.000E+00  0.000E+00
  36  6.556E-01  2.568E+02  3.091E-06  4.565E-06  0.000E+00  0.000E+00
  37  8.546E-01  2.519E+02  3.107E-06  5.435E-06  0.000E+00  0.000E+00
  38  1.123E+00  2.470E+02  3.110E-06  6.761E-06  0.000E+00  0.000E+00
  39  1.480E+00  2.421E+02  3.110E-06  8.103E-06  0.000E+00  0.000E+00
  40  1.964E+00  2.371E+02  3.110E-06  9.255E-06  0.000E+00  0.000E+00
  41  2.622E+00  2.322E+02  3.110E-06  1.002E-05  0.000E+00  0.000E+00
  42  3.520E+00  2.272E+02  3.110E-06  1.029E-05  0.000E+00  0.000E+00
  43  4.760E+00  2.228E+02  3.110E-06  1.021E-05  0.000E+00  0.000E+00
  44  6.474E+00  2.194E+02  3.110E-06  9.852E-06  0.000E+00  0.000E+00
  45  8.834E+00  2.170E+02  3.110E-06  9.280E-06  0.000E+00  0.000E+00
  46  1.209E+01  2.151E+02  3.110E-06  8.609E-06  0.000E+00  0.000E+00
  47  1.660E+01  2.131E+02  3.110E-06  8.095E-06  0.000E+00  0.000E+00
  48  2.089E+01  2.117E+02  3.110E-06  7.855E-06  0.000E+00  0.000E+00
  49  2.452E+01  2.115E+02  3.110E-06  7.706E-06  0.000E+00  0.000E+00
  50  2.879E+01  2.121E+02  3.094E-06  7.540E-06  0.000E+00  0.000E+00
  51  3.378E+01  2.127E+02  3.063E-06  7.209E-06  0.000E+00  0.000E+00
  52  3.962E+01  2.133E+02  3.032E-06  6.794E-06  0.000E+00  0.000E+00
  53  4.646E+01  2.139E+02  3.001E-06  6.380E-06  0.000E+00  0.000E+00
  54  5.444E+01  2.145E+02  2.970E-06  5.634E-06  0.000E+00  0.000E+00
  55  6.378E+01  2.151E+02  2.939E-06  4.599E-06  0.000E+00  0.000E+00
  56  7.470E+01  2.157E+02  2.908E-06  3.604E-06  0.000E+00  0.000E+00
  57  8.744E+01  2.163E+02  2.877E-06  2.817E-06  0.000E+00  0.000E+00
  58  1.023E+02  2.169E+02  2.846E-06  2.237E-06  0.000E+00  0.000E+00
  59  1.197E+02  2.172E+02  2.814E-06  1.740E-06  0.000E+00  0.000E+00
  60  1.401E+02  2.172E+02  2.783E-06  1.284E-06  0.000E+00  0.000E+00
  61  1.638E+02  2.172E+02  3.250E-06  8.700E-07  0.000E+00  0.000E+00
  62  1.916E+02  2.172E+02  4.976E-06  6.214E-07  0.000E+00  0.000E+00
  63  2.242E+02  2.172E+02  9.330E-06  5.386E-07  0.000E+00  0.000E+00
  64  2.624E+02  2.172E+02  1.549E-05  4.226E-07  0.000E+00  0.000E+00
  65  3.069E+02  2.189E+02  1.978E-05  2.602E-07  0.000E+00  0.000E+00
  66  3.580E+02  2.240E+02  5.623E-05  1.462E-07  0.000E+00  0.000E+00
  67  4.160E+02  2.307E+02  1.194E-04  9.694E-08  0.000E+00  0.000E+00
  68  4.812E+02  2.375E+02  2.077E-04  6.836E-08  0.000E+00  0.000E+00
  69  5.545E+02  2.443E+02  3.797E-04  5.841E-08  0.000E+00  0.000E+00
  70  6.365E+02  2.502E+02  6.095E-04  4.988E-08  0.000E+00  0.000E+00
  71  7.287E+02  2.543E+02  8.086E-04  4.234E-08  0.000E+00  0.000E+00
  72  8.327E+02  2.575E+02  9.485E-04  3.654E-08  0.000E+00  0.000E+00
  73  9.504E+02  2.582E+02  9.423E-04  3.207E-08  0.000E+00  0.000E+00
   1013.25       Surface pressure [mb]
   257.2000      Surface air temperature [K]
   257.2000      Ground (skin) temperature [K]
   1.000000      Surface type flag (0=ocn, 1=lnd, 2=sea ice)
  9.9999998E-03  Surface aerodynamic roughness [m] (obsolete)
  0.0000000E+00  Snow cover liquid water equivalent [m]
  0.1000000      Albedo (Vis, direct)
  0.1000000      Albedo (Vis, diffuse)
  0.1000000      Albedo (NIR, direct)
  0.1000000      Albedo (NIR, diffuse)
  0.0000000E+00  Fraction strong zenith angle dep. sfc. (obsolete)
  3.5500000E-04  CO2 volume mixing ratio
  3.1100001E-07  N2O volume mixing ratio
  1.7139999E-06  CH4 volume mixing ratio
  2.8000000E-10  CFC11 volume mixing ratio
  5.0299998E-10  CFC12 volume mixing ratio
  0.0000000E+00  Aerosol visible opt. depth
   1367.000      Solar constant [W m-2]
        1995  Year AD
   262.515900000000       Longitude (degrees East, from 0.0 to 360.0)
