This is Bob Kurucz's extraterrestrial solar spectrum, based on
a line-by-line calculation, a theoretical model of the Sun, and
relevant datasets.  It has been averaged to 20 cm-1 resolution.
The wavenumber column value refers to an average over plus and
minus 10 cm-1 around that value. The columns are tab-delimited.
97/04/24: CSZ added first line of flux = 49980 cm-1 = 0 Wm-2/cm-1
Wavenumber(cm-1)	SolarSpectrum(Wm-2/cm-1)
60.0	0.10195E-04
80.0	0.17285E-04
100.0	0.26410E-04
120.0	0.37520E-04
140.0	0.50650E-04
160.0	0.65850E-04
180.0	0.83050E-04
200.0	0.10230E-03
220.0	0.12365E-03
240.0	0.14705E-03
260.0	0.17245E-03
280.0	0.19980E-03
300.0	0.22920E-03
320.0	0.26055E-03
340.0	0.29385E-03
360.0	0.32915E-03
380.0	0.36635E-03
400.0	0.40555E-03
420.0	0.44670E-03
440.0	0.48980E-03
460.0	0.53500E-03
480.0	0.58200E-03
500.0	0.63100E-03
520.0	0.68150E-03
540.0	0.73450E-03
560.0	0.78950E-03
580.0	0.84600E-03
600.0	0.90450E-03
620.0	0.96450E-03
640.0	0.10270E-02
660.0	0.10910E-02
680.0	0.11565E-02
700.0	0.12245E-02
720.0	0.12940E-02
740.0	0.13660E-02
760.0	0.14385E-02
780.0	0.15140E-02
800.0	0.15905E-02
820.0	0.16695E-02
840.0	0.17500E-02
860.0	0.18325E-02
880.0	0.19160E-02
900.0	0.20025E-02
920.0	0.20900E-02
940.0	0.21795E-02
960.0	0.22705E-02
980.0	0.23635E-02
1000.0	0.24570E-02
1020.0	0.25520E-02
1040.0	0.26510E-02
1060.0	0.27505E-02
1080.0	0.28520E-02
1100.0	0.29540E-02
1120.0	0.30580E-02
1140.0	0.31660E-02
1160.0	0.32745E-02
1180.0	0.33845E-02
1200.0	0.34955E-02
1220.0	0.36080E-02
1240.0	0.37240E-02
1260.0	0.38420E-02
1280.0	0.39600E-02
1300.0	0.40790E-02
1320.0	0.42005E-02
1340.0	0.43125E-02
1360.0	0.44465E-02
1380.0	0.45720E-02
1400.0	0.47015E-02
1420.0	0.48275E-02
1440.0	0.49595E-02
1460.0	0.50900E-02
1480.0	0.52200E-02
1500.0	0.53600E-02
1520.0	0.54950E-02
1540.0	0.56250E-02
1560.0	0.57700E-02
1580.0	0.59000E-02
1600.0	0.60400E-02
1620.0	0.61850E-02
1640.0	0.63150E-02
1660.0	0.64650E-02
1680.0	0.65950E-02
1700.0	0.67250E-02
1720.0	0.68850E-02
1740.0	0.70200E-02
1760.0	0.71650E-02
1780.0	0.72950E-02
1800.0	0.74400E-02
1820.0	0.75850E-02
1840.0	0.77200E-02
1860.0	0.78800E-02
1880.0	0.80200E-02
1900.0	0.81700E-02
1920.0	0.83150E-02
1940.0	0.84750E-02
1960.0	0.86050E-02
1980.0	0.87950E-02
2000.0	0.89300E-02
2020.0	0.90900E-02
2040.0	0.92650E-02
2060.0	0.94150E-02
2080.0	0.95650E-02
2100.0	0.97200E-02
2120.0	0.98700E-02
2140.0	0.99550E-02
2160.0	0.10140E-01
2180.0	0.10255E-01
2200.0	0.10420E-01
2220.0	0.10690E-01
2240.0	0.10825E-01
2260.0	0.10995E-01
2280.0	0.11380E-01
2300.0	0.11605E-01
2320.0	0.11890E-01
2340.0	0.12375E-01
2360.0	0.12565E-01
2380.0	0.12705E-01
2400.0	0.12945E-01
2420.0	0.13160E-01
2440.0	0.13345E-01
2460.0	0.13440E-01
2480.0	0.13715E-01
2500.0	0.13900E-01
2520.0	0.14150E-01
2540.0	0.14390E-01
2560.0	0.14595E-01
2580.0	0.14775E-01
2600.0	0.15020E-01
2620.0	0.15210E-01
2640.0	0.15365E-01
2660.0	0.15525E-01
2680.0	0.15700E-01
2700.0	0.15915E-01
2720.0	0.16250E-01
2740.0	0.16495E-01
2760.0	0.16795E-01
2780.0	0.16990E-01
2800.0	0.17190E-01
2820.0	0.17420E-01
2840.0	0.17670E-01
2860.0	0.17895E-01
2880.0	0.18115E-01
2900.0	0.18355E-01
2920.0	0.18525E-01
2940.0	0.18700E-01
2960.0	0.19000E-01
2980.0	0.19260E-01
3000.0	0.19490E-01
3020.0	0.19610E-01
3040.0	0.19775E-01
3060.0	0.20215E-01
3080.0	0.20450E-01
3100.0	0.20700E-01
3120.0	0.20935E-01
3140.0	0.21200E-01
3160.0	0.21410E-01
3180.0	0.21630E-01
3200.0	0.21855E-01
3220.0	0.22120E-01
3240.0	0.22390E-01
3260.0	0.22630E-01
3280.0	0.22770E-01
3300.0	0.23030E-01
3320.0	0.23410E-01
3340.0	0.23615E-01
3360.0	0.23925E-01
3380.0	0.24165E-01
3400.0	0.24375E-01
3420.0	0.24610E-01
3440.0	0.24915E-01
3460.0	0.25155E-01
3480.0	0.25190E-01
3500.0	0.25655E-01
3520.0	0.25920E-01
3540.0	0.26190E-01
3560.0	0.26440E-01
3580.0	0.26715E-01
3600.0	0.26865E-01
3620.0	0.26950E-01
3640.0	0.27455E-01
3660.0	0.27665E-01
3680.0	0.27940E-01
3700.0	0.28200E-01
3720.0	0.28460E-01
3740.0	0.28555E-01
3760.0	0.28645E-01
3780.0	0.28930E-01
3800.0	0.28750E-01
3820.0	0.29410E-01
3840.0	0.29960E-01
3860.0	0.29935E-01
3880.0	0.30450E-01
3900.0	0.30565E-01
3920.0	0.30850E-01
3940.0	0.31080E-01
3960.0	0.31560E-01
3980.0	0.31575E-01
4000.0	0.32035E-01
4020.0	0.31960E-01
4040.0	0.32305E-01
4060.0	0.32760E-01
4080.0	0.32655E-01
4100.0	0.33340E-01
4120.0	0.33600E-01
4140.0	0.33560E-01
4160.0	0.34265E-01
4180.0	0.34340E-01
4200.0	0.34495E-01
4220.0	0.34925E-01
4240.0	0.35010E-01
4260.0	0.35740E-01
4280.0	0.35835E-01
4300.0	0.35905E-01
4320.0	0.36585E-01
4340.0	0.36935E-01
4360.0	0.36985E-01
4380.0	0.37405E-01
4400.0	0.37930E-01
4420.0	0.38060E-01
4440.0	0.38290E-01
4460.0	0.38670E-01
4480.0	0.39120E-01
4500.0	0.39310E-01
4520.0	0.39510E-01
4540.0	0.39760E-01
4560.0	0.40065E-01
4580.0	0.40300E-01
4600.0	0.40430E-01
4620.0	0.39320E-01
4640.0	0.41370E-01
4660.0	0.41680E-01
4680.0	0.41935E-01
4700.0	0.42120E-01
4720.0	0.42360E-01
4740.0	0.42845E-01
4760.0	0.43050E-01
4780.0	0.43045E-01
4800.0	0.43470E-01
4820.0	0.43955E-01
4840.0	0.44065E-01
4860.0	0.44440E-01
4880.0	0.44875E-01
4900.0	0.44935E-01
4920.0	0.45045E-01
4940.0	0.45500E-01
4960.0	0.46230E-01
4980.0	0.46375E-01
5000.0	0.46455E-01
5020.0	0.46795E-01
5040.0	0.46730E-01
5060.0	0.46785E-01
5080.0	0.47690E-01
5100.0	0.47715E-01
5120.0	0.47695E-01
5140.0	0.45785E-01
5160.0	0.48500E-01
5180.0	0.48405E-01
5200.0	0.49370E-01
5220.0	0.49780E-01
5240.0	0.50000E-01
5260.0	0.50050E-01
5280.0	0.49230E-01
5300.0	0.50450E-01
5320.0	0.49625E-01
5340.0	0.48610E-01
5360.0	0.51150E-01
5380.0	0.51700E-01
5400.0	0.52600E-01
5420.0	0.51950E-01
5440.0	0.52950E-01
5460.0	0.53200E-01
5480.0	0.53150E-01
5500.0	0.51250E-01
5520.0	0.54250E-01
5540.0	0.54450E-01
5560.0	0.55000E-01
5580.0	0.55300E-01
5600.0	0.55550E-01
5620.0	0.55450E-01
5640.0	0.56250E-01
5660.0	0.56500E-01
5680.0	0.56450E-01
5700.0	0.56950E-01
5720.0	0.56450E-01
5740.0	0.56900E-01
5760.0	0.54550E-01
5780.0	0.57700E-01
5800.0	0.57800E-01
5820.0	0.58850E-01
5840.0	0.58700E-01
5860.0	0.59250E-01
5880.0	0.59500E-01
5900.0	0.60450E-01
5920.0	0.59950E-01
5940.0	0.58450E-01
5960.0	0.59400E-01
5980.0	0.60850E-01
6000.0	0.61100E-01
6020.0	0.62000E-01
6040.0	0.62050E-01
6060.0	0.61800E-01
6080.0	0.61250E-01
6100.0	0.60100E-01
6120.0	0.62950E-01
6140.0	0.63700E-01
6160.0	0.63000E-01
6180.0	0.61900E-01
6200.0	0.62600E-01
6220.0	0.63000E-01
6240.0	0.63300E-01
6260.0	0.63550E-01
6280.0	0.62750E-01
6300.0	0.61900E-01
6320.0	0.63550E-01
6340.0	0.62000E-01
6360.0	0.64350E-01
6380.0	0.64000E-01
6400.0	0.65050E-01
6420.0	0.64450E-01
6440.0	0.64650E-01
6460.0	0.65050E-01
6480.0	0.65550E-01
6500.0	0.65100E-01
6520.0	0.65550E-01
6540.0	0.65250E-01
6560.0	0.65400E-01
6580.0	0.65750E-01
6600.0	0.65450E-01
6620.0	0.65600E-01
6640.0	0.63500E-01
6660.0	0.65000E-01
6680.0	0.65650E-01
6700.0	0.66400E-01
6720.0	0.64200E-01
6740.0	0.66000E-01
6760.0	0.65750E-01
6780.0	0.65350E-01
6800.0	0.66150E-01
6820.0	0.66150E-01
6840.0	0.66200E-01
6860.0	0.66450E-01
6880.0	0.65950E-01
6900.0	0.66750E-01
6920.0	0.66350E-01
6940.0	0.65700E-01
6960.0	0.67250E-01
6980.0	0.67000E-01
7000.0	0.66150E-01
7020.0	0.66200E-01
7040.0	0.66950E-01
7060.0	0.67550E-01
7080.0	0.66850E-01
7100.0	0.67800E-01
7120.0	0.67600E-01
7140.0	0.67450E-01
7160.0	0.68200E-01
7180.0	0.68200E-01
7200.0	0.68150E-01
7220.0	0.68200E-01
7240.0	0.68100E-01
7260.0	0.67900E-01
7280.0	0.68450E-01
7300.0	0.67700E-01
7320.0	0.68350E-01
7340.0	0.68350E-01
7360.0	0.68050E-01
7380.0	0.68300E-01
7400.0	0.68600E-01
7420.0	0.68850E-01
7440.0	0.69000E-01
7460.0	0.68400E-01
7480.0	0.68950E-01
7500.0	0.68750E-01
7520.0	0.68300E-01
7540.0	0.69050E-01
7560.0	0.69150E-01
7580.0	0.69150E-01
7600.0	0.68400E-01
7620.0	0.68450E-01
7640.0	0.69400E-01
7660.0	0.69300E-01
7680.0	0.69050E-01
7700.0	0.69450E-01
7720.0	0.69500E-01
7740.0	0.69300E-01
7760.0	0.69350E-01
7780.0	0.68850E-01
7800.0	0.64550E-01
7820.0	0.69550E-01
7840.0	0.69850E-01
7860.0	0.70000E-01
7880.0	0.69600E-01
7900.0	0.69550E-01
7920.0	0.69900E-01
7940.0	0.69950E-01
7960.0	0.69900E-01
7980.0	0.69850E-01
8000.0	0.70350E-01
8020.0	0.70150E-01
8040.0	0.69800E-01
8060.0	0.70050E-01
8080.0	0.70650E-01
8100.0	0.70300E-01
8120.0	0.70250E-01
8140.0	0.70050E-01
8160.0	0.70650E-01
8180.0	0.70450E-01
8200.0	0.70600E-01
8220.0	0.70850E-01
8240.0	0.70650E-01
8260.0	0.69750E-01
8280.0	0.69000E-01
8300.0	0.69200E-01
8320.0	0.70750E-01
8340.0	0.68200E-01
8360.0	0.70200E-01
8380.0	0.71000E-01
8400.0	0.70500E-01
8420.0	0.69450E-01
8440.0	0.70600E-01
8460.0	0.69450E-01
8480.0	0.70450E-01
8500.0	0.69750E-01
8520.0	0.71100E-01
8540.0	0.71250E-01
8560.0	0.70200E-01
8580.0	0.70050E-01
8600.0	0.70600E-01
8620.0	0.69500E-01
8640.0	0.71400E-01
8660.0	0.71350E-01
8680.0	0.70950E-01
8700.0	0.71100E-01
8720.0	0.71550E-01
8740.0	0.70600E-01
8760.0	0.69950E-01
8780.0	0.70050E-01
8800.0	0.71150E-01
8820.0	0.70650E-01
8840.0	0.70950E-01
8860.0	0.70550E-01
8880.0	0.70200E-01
8900.0	0.71400E-01
8920.0	0.70750E-01
8940.0	0.70950E-01
8960.0	0.71150E-01
8980.0	0.71050E-01
9000.0	0.71150E-01
9020.0	0.71300E-01
9040.0	0.71150E-01
9060.0	0.71300E-01
9080.0	0.70400E-01
9100.0	0.70200E-01
9120.0	0.69850E-01
9140.0	0.67950E-01
9160.0	0.71800E-01
9180.0	0.71200E-01
9200.0	0.70750E-01
9220.0	0.72150E-01
9240.0	0.69500E-01
9260.0	0.71800E-01
9280.0	0.72400E-01
9300.0	0.71550E-01
9320.0	0.71600E-01
9340.0	0.71850E-01
9360.0	0.70850E-01
9380.0	0.72200E-01
9400.0	0.72650E-01
9420.0	0.72100E-01
9440.0	0.71950E-01
9460.0	0.73100E-01
9480.0	0.73150E-01
9500.0	0.72750E-01
9520.0	0.73050E-01
9540.0	0.72850E-01
9560.0	0.72200E-01
9580.0	0.73050E-01
9600.0	0.73100E-01
9620.0	0.72950E-01
9640.0	0.72500E-01
9660.0	0.72650E-01
9680.0	0.72800E-01
9700.0	0.73300E-01
9720.0	0.73250E-01
9740.0	0.73500E-01
9760.0	0.73450E-01
9780.0	0.72850E-01
9800.0	0.72650E-01
9820.0	0.72950E-01
9840.0	0.72850E-01
9860.0	0.73200E-01
9880.0	0.73400E-01
9900.0	0.73550E-01
9920.0	0.73350E-01
9940.0	0.70250E-01
9960.0	0.72350E-01
9980.0	0.73600E-01
10000.0	0.73450E-01
10020.0	0.73550E-01
10040.0	0.73450E-01
10060.0	0.73550E-01
10080.0	0.73350E-01
10100.0	0.72450E-01
10120.0	0.73300E-01
10140.0	0.73150E-01
10160.0	0.73200E-01
10180.0	0.73500E-01
10200.0	0.73300E-01
10220.0	0.72800E-01
10240.0	0.72800E-01
10260.0	0.72450E-01
10280.0	0.73350E-01
10300.0	0.73200E-01
10320.0	0.73250E-01
10340.0	0.72700E-01
10360.0	0.72400E-01
10380.0	0.72250E-01
10400.0	0.72900E-01
10420.0	0.73200E-01
10440.0	0.72800E-01
10460.0	0.72300E-01
10480.0	0.70550E-01
10500.0	0.73250E-01
10520.0	0.73100E-01
10540.0	0.73650E-01
10560.0	0.73100E-01
10580.0	0.72550E-01
10600.0	0.72100E-01
10620.0	0.69850E-01
10640.0	0.72850E-01
10660.0	0.73400E-01
10680.0	0.73000E-01
10700.0	0.73200E-01
10720.0	0.73250E-01
10740.0	0.73600E-01
10760.0	0.72900E-01
10780.0	0.73600E-01
10800.0	0.71200E-01
10820.0	0.71350E-01
10840.0	0.70100E-01
10860.0	0.71650E-01
10880.0	0.73650E-01
10900.0	0.72650E-01
10920.0	0.73500E-01
10940.0	0.73950E-01
10960.0	0.73250E-01
10980.0	0.72700E-01
11000.0	0.71450E-01
11020.0	0.73350E-01
11040.0	0.73050E-01
11060.0	0.74300E-01
11080.0	0.71550E-01
11100.0	0.70300E-01
11120.0	0.73850E-01
11140.0	0.73150E-01
11160.0	0.74500E-01
11180.0	0.72900E-01
11200.0	0.72450E-01
11220.0	0.74150E-01
11240.0	0.73950E-01
11260.0	0.73550E-01
11280.0	0.70550E-01
11300.0	0.73700E-01
11320.0	0.72250E-01
11340.0	0.73350E-01
11360.0	0.70900E-01
11380.0	0.73650E-01
11400.0	0.73350E-01
11420.0	0.71550E-01
11440.0	0.72800E-01
11460.0	0.73550E-01
11480.0	0.73150E-01
11500.0	0.70950E-01
11520.0	0.71450E-01
11540.0	0.60400E-01
11560.0	0.72950E-01
11580.0	0.73900E-01
11600.0	0.72300E-01
11620.0	0.72950E-01
11640.0	0.72200E-01
11660.0	0.73800E-01
11680.0	0.72900E-01
11700.0	0.57400E-01
11720.0	0.71350E-01
11740.0	0.71950E-01
11760.0	0.66950E-01
11780.0	0.73500E-01
11800.0	0.72400E-01
11820.0	0.73500E-01
11840.0	0.72550E-01
11860.0	0.72200E-01
11880.0	0.73250E-01
11900.0	0.73400E-01
11920.0	0.71750E-01
11940.0	0.73400E-01
11960.0	0.73300E-01
11980.0	0.72200E-01
12000.0	0.71200E-01
12020.0	0.72900E-01
12040.0	0.72450E-01
12060.0	0.73200E-01
12080.0	0.73700E-01
12100.0	0.73450E-01
12120.0	0.73000E-01
12140.0	0.71950E-01
12160.0	0.72300E-01
12180.0	0.71500E-01
12200.0	0.71200E-01
12220.0	0.71800E-01
12240.0	0.73200E-01
12260.0	0.73150E-01
12280.0	0.73550E-01
12300.0	0.73500E-01
12320.0	0.73150E-01
12340.0	0.72450E-01
12360.0	0.71900E-01
12380.0	0.72650E-01
12400.0	0.73750E-01
12420.0	0.71600E-01
12440.0	0.73450E-01
12460.0	0.72450E-01
12480.0	0.73500E-01
12500.0	0.72200E-01
12520.0	0.73400E-01
12540.0	0.73300E-01
12560.0	0.72750E-01
12580.0	0.71050E-01
12600.0	0.70850E-01
12620.0	0.72350E-01
12640.0	0.72550E-01
12660.0	0.73200E-01
12680.0	0.73150E-01
12700.0	0.73200E-01
12720.0	0.72450E-01
12740.0	0.73100E-01
12760.0	0.72050E-01
12780.0	0.73350E-01
12800.0	0.72800E-01
12820.0	0.72800E-01
12840.0	0.73250E-01
12860.0	0.72500E-01
12880.0	0.73450E-01
12900.0	0.70850E-01
12920.0	0.72950E-01
12940.0	0.71600E-01
12960.0	0.71650E-01
12980.0	0.72400E-01
13000.0	0.72550E-01
13020.0	0.72850E-01
13040.0	0.70000E-01
13060.0	0.70850E-01
13080.0	0.73400E-01
13100.0	0.73200E-01
13120.0	0.70950E-01
13140.0	0.72300E-01
13160.0	0.72650E-01
13180.0	0.71600E-01
13200.0	0.71900E-01
13220.0	0.72150E-01
13240.0	0.72150E-01
13260.0	0.73000E-01
13280.0	0.71150E-01
13300.0	0.71750E-01
13320.0	0.72100E-01
13340.0	0.70650E-01
13360.0	0.72100E-01
13380.0	0.72000E-01
13400.0	0.71900E-01
13420.0	0.70650E-01
13440.0	0.71600E-01
13460.0	0.70500E-01
13480.0	0.69300E-01
13500.0	0.69750E-01
13520.0	0.70700E-01
13540.0	0.70100E-01
13560.0	0.72100E-01
13580.0	0.71050E-01
13600.0	0.71150E-01
13620.0	0.72250E-01
13640.0	0.70300E-01
13660.0	0.71500E-01
13680.0	0.70100E-01
13700.0	0.70800E-01
13720.0	0.68400E-01
13740.0	0.71350E-01
13760.0	0.70900E-01
13780.0	0.71250E-01
13800.0	0.71200E-01
13820.0	0.71700E-01
13840.0	0.69500E-01
13860.0	0.70550E-01
13880.0	0.69900E-01
13900.0	0.67850E-01
13920.0	0.69400E-01
13940.0	0.71200E-01
13960.0	0.69400E-01
13980.0	0.68750E-01
14000.0	0.71100E-01
14020.0	0.69850E-01
14040.0	0.70200E-01
14060.0	0.70200E-01
14080.0	0.71350E-01
14100.0	0.70200E-01
14120.0	0.71000E-01
14140.0	0.69650E-01
14160.0	0.70600E-01
14180.0	0.71200E-01
14200.0	0.70500E-01
14220.0	0.70300E-01
14240.0	0.68200E-01
14260.0	0.69750E-01
14280.0	0.69700E-01
14300.0	0.71100E-01
14320.0	0.69500E-01
14340.0	0.70700E-01
14360.0	0.70300E-01
14380.0	0.70250E-01
14400.0	0.70100E-01
14420.0	0.70300E-01
14440.0	0.69950E-01
14460.0	0.69600E-01
14480.0	0.70550E-01
14500.0	0.70750E-01
14520.0	0.69600E-01
14540.0	0.70600E-01
14560.0	0.69650E-01
14580.0	0.68200E-01
14600.0	0.69850E-01
14620.0	0.69300E-01
14640.0	0.70000E-01
14660.0	0.69650E-01
14680.0	0.69250E-01
14700.0	0.69500E-01
14720.0	0.69550E-01
14740.0	0.69450E-01
14760.0	0.69700E-01
14780.0	0.69250E-01
14800.0	0.69300E-01
14820.0	0.69350E-01
14840.0	0.69450E-01
14860.0	0.69300E-01
14880.0	0.68600E-01
14900.0	0.68700E-01
14920.0	0.68750E-01
14940.0	0.69750E-01
14960.0	0.69200E-01
14980.0	0.69450E-01
15000.0	0.67600E-01
15020.0	0.69350E-01
15040.0	0.68400E-01
15060.0	0.68100E-01
15080.0	0.68450E-01
15100.0	0.69500E-01
15120.0	0.68400E-01
15140.0	0.69200E-01
15160.0	0.66400E-01
15180.0	0.68500E-01
15200.0	0.66700E-01
15220.0	0.61600E-01
15240.0	0.53200E-01
15260.0	0.66550E-01
15280.0	0.67000E-01
15300.0	0.68200E-01
15320.0	0.68350E-01
15340.0	0.67650E-01
15360.0	0.68450E-01
15380.0	0.65300E-01
15400.0	0.64950E-01
15420.0	0.67850E-01
15440.0	0.67350E-01
15460.0	0.65400E-01
15480.0	0.67100E-01
15500.0	0.67250E-01
15520.0	0.66300E-01
15540.0	0.66750E-01
15560.0	0.67350E-01
15580.0	0.66450E-01
15600.0	0.66000E-01
15620.0	0.66150E-01
15640.0	0.66650E-01
15660.0	0.67000E-01
15680.0	0.68100E-01
15700.0	0.66450E-01
15720.0	0.64900E-01
15740.0	0.66550E-01
15760.0	0.66150E-01
15780.0	0.65050E-01
15800.0	0.67600E-01
15820.0	0.63000E-01
15840.0	0.66300E-01
15860.0	0.65350E-01
15880.0	0.66750E-01
15900.0	0.67400E-01
15920.0	0.66400E-01
15940.0	0.66450E-01
15960.0	0.65700E-01
15980.0	0.61950E-01
16000.0	0.64550E-01
16020.0	0.63500E-01
16040.0	0.64000E-01
16060.0	0.66300E-01
16080.0	0.63950E-01
16100.0	0.67150E-01
16120.0	0.66000E-01
16140.0	0.64650E-01
16160.0	0.66200E-01
16180.0	0.65300E-01
16200.0	0.62750E-01
16220.0	0.60250E-01
16240.0	0.63650E-01
16260.0	0.64100E-01
16280.0	0.61600E-01
16300.0	0.63400E-01
16320.0	0.62500E-01
16340.0	0.65300E-01
16360.0	0.64850E-01
16380.0	0.63550E-01
16400.0	0.65250E-01
16420.0	0.64750E-01
16440.0	0.64350E-01
16460.0	0.66500E-01
16480.0	0.64600E-01
16500.0	0.65550E-01
16520.0	0.66000E-01
16540.0	0.66000E-01
16560.0	0.66000E-01
16580.0	0.64100E-01
16600.0	0.63250E-01
16620.0	0.63650E-01
16640.0	0.63500E-01
16660.0	0.64000E-01
16680.0	0.64750E-01
16700.0	0.64000E-01
16720.0	0.64200E-01
16740.0	0.64950E-01
16760.0	0.65000E-01
16780.0	0.64600E-01
16800.0	0.63100E-01
16820.0	0.64650E-01
16840.0	0.64400E-01
16860.0	0.62500E-01
16880.0	0.64550E-01
16900.0	0.62600E-01
16920.0	0.63500E-01
16940.0	0.63900E-01
16960.0	0.56850E-01
16980.0	0.57350E-01
17000.0	0.62900E-01
17020.0	0.64350E-01
17040.0	0.63550E-01
17060.0	0.60450E-01
17080.0	0.63000E-01
17100.0	0.63450E-01
17120.0	0.63950E-01
17140.0	0.63400E-01
17160.0	0.64000E-01
17180.0	0.63500E-01
17200.0	0.62850E-01
17220.0	0.61950E-01
17240.0	0.63200E-01
17260.0	0.62150E-01
17280.0	0.60150E-01
17300.0	0.61850E-01
17320.0	0.62000E-01
17340.0	0.62300E-01
17360.0	0.62750E-01
17380.0	0.59700E-01
17400.0	0.61950E-01
17420.0	0.62350E-01
17440.0	0.62800E-01
17460.0	0.63400E-01
17480.0	0.62000E-01
17500.0	0.58550E-01
17520.0	0.59450E-01
17540.0	0.59900E-01
17560.0	0.60850E-01
17580.0	0.59400E-01
17600.0	0.60100E-01
17620.0	0.61600E-01
17640.0	0.59250E-01
17660.0	0.54300E-01
17680.0	0.59350E-01
17700.0	0.60600E-01
17720.0	0.59350E-01
17740.0	0.59500E-01
17760.0	0.61350E-01
17780.0	0.57800E-01
17800.0	0.56100E-01
17820.0	0.61850E-01
17840.0	0.58350E-01
17860.0	0.57050E-01
17880.0	0.56250E-01
17900.0	0.55750E-01
17920.0	0.58700E-01
17940.0	0.56600E-01
17960.0	0.57000E-01
17980.0	0.58350E-01
18000.0	0.57800E-01
18020.0	0.59350E-01
18040.0	0.59000E-01
18060.0	0.57600E-01
18080.0	0.56250E-01
18100.0	0.58200E-01
18120.0	0.59050E-01
18140.0	0.56500E-01
18160.0	0.56550E-01
18180.0	0.56800E-01
18200.0	0.56350E-01
18220.0	0.56900E-01
18240.0	0.56550E-01
18260.0	0.53550E-01
18280.0	0.58150E-01
18300.0	0.57000E-01
18320.0	0.55550E-01
18340.0	0.59650E-01
18360.0	0.55300E-01
18380.0	0.58500E-01
18400.0	0.55400E-01
18420.0	0.54050E-01
18440.0	0.56300E-01
18460.0	0.55000E-01
18480.0	0.53950E-01
18500.0	0.50900E-01
18520.0	0.53150E-01
18540.0	0.55050E-01
18560.0	0.56700E-01
18580.0	0.55650E-01
18600.0	0.57700E-01
18620.0	0.52150E-01
18640.0	0.54950E-01
18660.0	0.58150E-01
18680.0	0.55900E-01
18700.0	0.53550E-01
18720.0	0.50500E-01
18740.0	0.53050E-01
18760.0	0.47910E-01
18780.0	0.53250E-01
18800.0	0.54550E-01
18820.0	0.57500E-01
18840.0	0.57150E-01
18860.0	0.52200E-01
18880.0	0.53850E-01
18900.0	0.56650E-01
18920.0	0.52600E-01
18940.0	0.54400E-01
18960.0	0.49150E-01
18980.0	0.43310E-01
19000.0	0.47755E-01
19020.0	0.52600E-01
19040.0	0.53950E-01
19060.0	0.52700E-01
19080.0	0.55200E-01
19100.0	0.50650E-01
19120.0	0.47785E-01
19140.0	0.53700E-01
19160.0	0.50600E-01
19180.0	0.54150E-01
19200.0	0.46910E-01
19220.0	0.52800E-01
19240.0	0.48400E-01
19260.0	0.47655E-01
19280.0	0.38735E-01
19300.0	0.50900E-01
19320.0	0.41025E-01
19340.0	0.39165E-01
19360.0	0.48660E-01
19380.0	0.52950E-01
19400.0	0.49330E-01
19420.0	0.49265E-01
19440.0	0.49080E-01
19460.0	0.49080E-01
19480.0	0.50800E-01
19500.0	0.48120E-01
19520.0	0.51400E-01
19540.0	0.54400E-01
19560.0	0.51850E-01
19580.0	0.50550E-01
19600.0	0.48530E-01
19620.0	0.53450E-01
19640.0	0.52900E-01
19660.0	0.49120E-01
19680.0	0.47840E-01
19700.0	0.50000E-01
19720.0	0.50900E-01
19740.0	0.51650E-01
19760.0	0.53600E-01
19780.0	0.52300E-01
19800.0	0.49045E-01
19820.0	0.49555E-01
19840.0	0.45600E-01
19860.0	0.50200E-01
19880.0	0.48795E-01
19900.0	0.47585E-01
19920.0	0.47555E-01
19940.0	0.46045E-01
19960.0	0.48030E-01
19980.0	0.46010E-01
20000.0	0.47680E-01
20020.0	0.48705E-01
20040.0	0.51150E-01
20060.0	0.42455E-01
20080.0	0.47420E-01
20100.0	0.51950E-01
20120.0	0.47935E-01
20140.0	0.50400E-01
20160.0	0.47695E-01
20180.0	0.52100E-01
20200.0	0.52200E-01
20220.0	0.50650E-01
20240.0	0.47205E-01
20260.0	0.47865E-01
20280.0	0.51300E-01
20300.0	0.47820E-01
20320.0	0.41020E-01
20340.0	0.50150E-01
20360.0	0.43940E-01
20380.0	0.49645E-01
20400.0	0.50900E-01
20420.0	0.51150E-01
20440.0	0.42655E-01
20460.0	0.46740E-01
20480.0	0.49025E-01
20500.0	0.46155E-01
20520.0	0.43225E-01
20540.0	0.45705E-01
20560.0	0.33370E-01
20580.0	0.42365E-01
20600.0	0.46835E-01
20620.0	0.47250E-01
20640.0	0.47565E-01
20660.0	0.46825E-01
20680.0	0.49015E-01
20700.0	0.48775E-01
20720.0	0.48850E-01
20740.0	0.49815E-01
20760.0	0.49010E-01
20780.0	0.47830E-01
20800.0	0.47885E-01
20820.0	0.47525E-01
20840.0	0.49370E-01
20860.0	0.47795E-01
20880.0	0.45175E-01
20900.0	0.49385E-01
20920.0	0.49700E-01
20940.0	0.49225E-01
20960.0	0.48335E-01
20980.0	0.45455E-01
21000.0	0.48005E-01
21020.0	0.46665E-01
21040.0	0.49390E-01
21060.0	0.47170E-01
21080.0	0.47800E-01
21100.0	0.45150E-01
21120.0	0.45995E-01
21140.0	0.44520E-01
21160.0	0.48540E-01
21180.0	0.47595E-01
21200.0	0.45330E-01
21220.0	0.46510E-01
21240.0	0.44220E-01
21260.0	0.43985E-01
21280.0	0.45580E-01
21300.0	0.47315E-01
21320.0	0.46045E-01
21340.0	0.45610E-01
21360.0	0.44595E-01
21380.0	0.48555E-01
21400.0	0.45325E-01
21420.0	0.41325E-01
21440.0	0.44725E-01
21460.0	0.46695E-01
21480.0	0.44275E-01
21500.0	0.42335E-01
21520.0	0.43945E-01
21540.0	0.46645E-01
21560.0	0.41885E-01
21580.0	0.44920E-01
21600.0	0.42620E-01
21620.0	0.44990E-01
21640.0	0.42360E-01
21660.0	0.44170E-01
21680.0	0.44685E-01
21700.0	0.44510E-01
21720.0	0.42425E-01
21740.0	0.44085E-01
21760.0	0.42125E-01
21780.0	0.44680E-01
21800.0	0.42145E-01
21820.0	0.39580E-01
21840.0	0.45030E-01
21860.0	0.43350E-01
21880.0	0.46110E-01
21900.0	0.42570E-01
21920.0	0.45375E-01
21940.0	0.41505E-01
21960.0	0.44930E-01
21980.0	0.40270E-01
22000.0	0.41720E-01
22020.0	0.42630E-01
22040.0	0.39275E-01
22060.0	0.39765E-01
22080.0	0.36700E-01
22100.0	0.41105E-01
22120.0	0.41455E-01
22140.0	0.43900E-01
22160.0	0.44060E-01
22180.0	0.45585E-01
22200.0	0.44085E-01
22220.0	0.43535E-01
22240.0	0.38305E-01
22260.0	0.39350E-01
22280.0	0.42015E-01
22300.0	0.38230E-01
22320.0	0.42205E-01
22340.0	0.41070E-01
22360.0	0.38305E-01
22380.0	0.39950E-01
22400.0	0.35980E-01
22420.0	0.35665E-01
22440.0	0.33670E-01
22460.0	0.38000E-01
22480.0	0.40135E-01
22500.0	0.35340E-01
22520.0	0.40405E-01
22540.0	0.34465E-01
22560.0	0.36145E-01
22580.0	0.37715E-01
22600.0	0.36560E-01
22620.0	0.41420E-01
22640.0	0.32200E-01
22660.0	0.39345E-01
22680.0	0.34695E-01
22700.0	0.32180E-01
22720.0	0.32670E-01
22740.0	0.34665E-01
22760.0	0.33435E-01
22780.0	0.31640E-01
22800.0	0.22455E-01
22820.0	0.36210E-01
22840.0	0.33500E-01
22860.0	0.32805E-01
22880.0	0.33185E-01
22900.0	0.38465E-01
22920.0	0.36415E-01
22940.0	0.34650E-01
22960.0	0.31585E-01
22980.0	0.29805E-01
23000.0	0.34735E-01
23020.0	0.28345E-01
23040.0	0.22995E-01
23060.0	0.36580E-01
23080.0	0.35295E-01
23100.0	0.30835E-01
23120.0	0.22965E-01
23140.0	0.36315E-01
23160.0	0.35995E-01
23180.0	0.23530E-01
23200.0	0.15075E-01
23220.0	0.20000E-01
23240.0	0.17455E-01
23260.0	0.21645E-01
23280.0	0.28150E-01
23300.0	0.21695E-01
23320.0	0.27700E-01
23340.0	0.30700E-01
23360.0	0.28935E-01
23380.0	0.27475E-01
23400.0	0.23045E-01
23420.0	0.29090E-01
23440.0	0.33725E-01
23460.0	0.27370E-01
23480.0	0.32590E-01
23500.0	0.28805E-01
23520.0	0.27955E-01
23540.0	0.29395E-01
23560.0	0.33075E-01
23580.0	0.28820E-01
23600.0	0.28245E-01
23620.0	0.31140E-01
23640.0	0.28395E-01
23660.0	0.22225E-01
23680.0	0.34500E-01
23700.0	0.32120E-01
23720.0	0.27970E-01
23740.0	0.32935E-01
23760.0	0.35070E-01
23780.0	0.29270E-01
23800.0	0.25680E-01
23820.0	0.24950E-01
23840.0	0.31205E-01
23860.0	0.32400E-01
23880.0	0.27130E-01
23900.0	0.30840E-01
23920.0	0.32070E-01
23940.0	0.29340E-01
23960.0	0.26630E-01
23980.0	0.30665E-01
24000.0	0.34025E-01
24020.0	0.33645E-01
24040.0	0.32540E-01
24060.0	0.28895E-01
24080.0	0.33735E-01
24100.0	0.31705E-01
24120.0	0.27045E-01
24140.0	0.30145E-01
24160.0	0.33735E-01
24180.0	0.28205E-01
24200.0	0.28525E-01
24220.0	0.29475E-01
24240.0	0.31435E-01
24260.0	0.32930E-01
24280.0	0.32545E-01
24300.0	0.31895E-01
24320.0	0.31660E-01
24340.0	0.31485E-01
24360.0	0.26290E-01
24380.0	0.22280E-01
24400.0	0.27215E-01
24420.0	0.32440E-01
24440.0	0.33000E-01
24460.0	0.32310E-01
24480.0	0.25930E-01
24500.0	0.32385E-01
24520.0	0.23625E-01
24540.0	0.30260E-01
24560.0	0.24035E-01
24580.0	0.26910E-01
24600.0	0.20965E-01
24620.0	0.32795E-01
24640.0	0.27315E-01
24660.0	0.26875E-01
24680.0	0.31645E-01
24700.0	0.24130E-01
24720.0	0.24050E-01
24740.0	0.27710E-01
24760.0	0.32515E-01
24780.0	0.25405E-01
24800.0	0.24930E-01
24820.0	0.30555E-01
24840.0	0.28210E-01
24860.0	0.29345E-01
24880.0	0.26705E-01
24900.0	0.29725E-01
24920.0	0.28075E-01
24940.0	0.29415E-01
24960.0	0.24180E-01
24980.0	0.31220E-01
25000.0	0.26470E-01
25020.0	0.25310E-01
25040.0	0.30680E-01
25060.0	0.27920E-01
25080.0	0.25875E-01
25100.0	0.22875E-01
25120.0	0.26690E-01
25140.0	0.21775E-01
25160.0	0.13315E-01
25180.0	0.60450E-02
25200.0	0.50950E-02
25220.0	0.13535E-01
25240.0	0.17600E-01
25260.0	0.21020E-01
25280.0	0.23805E-01
25300.0	0.21405E-01
25320.0	0.20050E-01
25340.0	0.17845E-01
25360.0	0.16770E-01
25380.0	0.13390E-01
25400.0	0.57650E-02
25420.0	0.34455E-02
25440.0	0.81250E-02
25460.0	0.14655E-01
25480.0	0.19360E-01
25500.0	0.16375E-01
25520.0	0.21305E-01
25540.0	0.23390E-01
25560.0	0.23325E-01
25580.0	0.24165E-01
25600.0	0.16925E-01
25620.0	0.19805E-01
25640.0	0.18465E-01
25660.0	0.21440E-01
25680.0	0.21210E-01
25700.0	0.13895E-01
25720.0	0.11995E-01
25740.0	0.15695E-01
25760.0	0.13935E-01
25780.0	0.11725E-01
25800.0	0.17940E-01
25820.0	0.87650E-02
25840.0	0.15130E-01
25860.0	0.17140E-01
25880.0	0.16925E-01
25900.0	0.71700E-02
25920.0	0.12485E-01
25940.0	0.15180E-01
25960.0	0.14080E-01
25980.0	0.17000E-01
26000.0	0.16495E-01
26020.0	0.12355E-01
26040.0	0.77750E-02
26060.0	0.11825E-01
26080.0	0.66300E-02
26100.0	0.12350E-01
26120.0	0.93950E-02
26140.0	0.10625E-01
26160.0	0.10405E-01
26180.0	0.16845E-01
26200.0	0.12195E-01
26220.0	0.15115E-01
26240.0	0.20885E-01
26260.0	0.16125E-01
26280.0	0.21950E-01
26300.0	0.18590E-01
26320.0	0.10180E-01
26340.0	0.15610E-01
26360.0	0.16370E-01
26380.0	0.14585E-01
26400.0	0.14735E-01
26420.0	0.24585E-01
26440.0	0.24715E-01
26460.0	0.21230E-01
26480.0	0.20020E-01
26500.0	0.20180E-01
26520.0	0.16015E-01
26540.0	0.13155E-01
26560.0	0.15670E-01
26580.0	0.16995E-01
26600.0	0.98400E-02
26620.0	0.23420E-01
26640.0	0.17380E-01
26660.0	0.75300E-02
26680.0	0.88850E-02
26700.0	0.10825E-01
26720.0	0.19915E-01
26740.0	0.12920E-01
26760.0	0.61150E-02
26780.0	0.11905E-01
26800.0	0.17795E-01
26820.0	0.14915E-01
26840.0	0.17700E-01
26860.0	0.99950E-02
26880.0	0.11085E-01
26900.0	0.21105E-01
26920.0	0.23525E-01
26940.0	0.16165E-01
26960.0	0.11645E-01
26980.0	0.12225E-01
27000.0	0.18255E-01
27020.0	0.18400E-01
27040.0	0.18325E-01
27060.0	0.16745E-01
27080.0	0.19445E-01
27100.0	0.15365E-01
27120.0	0.13155E-01
27140.0	0.16410E-01
27160.0	0.15535E-01
27180.0	0.15720E-01
27200.0	0.18135E-01
27220.0	0.19050E-01
27240.0	0.14780E-01
27260.0	0.16635E-01
27280.0	0.17835E-01
27300.0	0.18115E-01
27320.0	0.19285E-01
27340.0	0.19625E-01
27360.0	0.19710E-01
27380.0	0.15505E-01
27400.0	0.10375E-01
27420.0	0.12970E-01
27440.0	0.12955E-01
27460.0	0.17280E-01
27480.0	0.15435E-01
27500.0	0.12985E-01
27520.0	0.11335E-01
27540.0	0.11105E-01
27560.0	0.20020E-01
27580.0	0.15935E-01
27600.0	0.14630E-01
27620.0	0.68650E-02
27640.0	0.15745E-01
27660.0	0.16490E-01
27680.0	0.13360E-01
27700.0	0.92650E-02
27720.0	0.13520E-01
27740.0	0.11990E-01
27760.0	0.16570E-01
27780.0	0.17480E-01
27800.0	0.14205E-01
27820.0	0.15565E-01
27840.0	0.14095E-01
27860.0	0.92400E-02
27880.0	0.50550E-02
27900.0	0.95900E-02
27920.0	0.69000E-02
27940.0	0.11405E-01
27960.0	0.12445E-01
27980.0	0.10520E-01
28000.0	0.73700E-02
28020.0	0.12035E-01
28040.0	0.76950E-02
28060.0	0.15800E-01
28080.0	0.13980E-01
28100.0	0.14195E-01
28120.0	0.13750E-01
28140.0	0.13435E-01
28160.0	0.16650E-01
28180.0	0.13645E-01
28200.0	0.16765E-01
28220.0	0.14920E-01
28240.0	0.16665E-01
28260.0	0.12040E-01
28280.0	0.15345E-01
28300.0	0.13450E-01
28320.0	0.15305E-01
28340.0	0.12045E-01
28360.0	0.94650E-02
28380.0	0.11995E-01
28400.0	0.14960E-01
28420.0	0.16040E-01
28440.0	0.11755E-01
28460.0	0.11250E-01
28480.0	0.13975E-01
28500.0	0.13975E-01
28520.0	0.14860E-01
28540.0	0.16475E-01
28560.0	0.15515E-01
28580.0	0.11120E-01
28600.0	0.12120E-01
28620.0	0.12185E-01
28640.0	0.10075E-01
28660.0	0.16405E-01
28680.0	0.15660E-01
28700.0	0.14035E-01
28720.0	0.15680E-01
28740.0	0.13330E-01
28760.0	0.65000E-02
28780.0	0.12400E-01
28800.0	0.15145E-01
28820.0	0.12945E-01
28840.0	0.10370E-01
28860.0	0.14410E-01
28880.0	0.11645E-01
28900.0	0.11060E-01
28920.0	0.16475E-01
28940.0	0.13145E-01
28960.0	0.10920E-01
28980.0	0.14160E-01
29000.0	0.12090E-01
29020.0	0.10100E-01
29040.0	0.81950E-02
29060.0	0.65750E-02
29080.0	0.11450E-01
29100.0	0.12170E-01
29120.0	0.98200E-02
29140.0	0.11885E-01
29160.0	0.11375E-01
29180.0	0.85400E-02
29200.0	0.77800E-02
29220.0	0.10740E-01
29240.0	0.13025E-01
29260.0	0.93850E-02
29280.0	0.74550E-02
29300.0	0.99350E-02
29320.0	0.96700E-02
29340.0	0.96050E-02
29360.0	0.10670E-01
29380.0	0.92900E-02
29400.0	0.13585E-01
29420.0	0.11855E-01
29440.0	0.11195E-01
29460.0	0.68450E-02
29480.0	0.97250E-02
29500.0	0.10350E-01
29520.0	0.10950E-01
29540.0	0.99000E-02
29560.0	0.99400E-02
29580.0	0.71550E-02
29600.0	0.12490E-01
29620.0	0.10565E-01
29640.0	0.70600E-02
29660.0	0.56150E-02
29680.0	0.78600E-02
29700.0	0.10195E-01
29720.0	0.10625E-01
29740.0	0.46500E-02
29760.0	0.40910E-02
29780.0	0.12035E-01
29800.0	0.11445E-01
29820.0	0.12390E-01
29840.0	0.87700E-02
29860.0	0.10815E-01
29880.0	0.11685E-01
29900.0	0.11460E-01
29920.0	0.10895E-01
29940.0	0.11070E-01
29960.0	0.83950E-02
29980.0	0.11820E-01
30000.0	0.11780E-01
30020.0	0.10115E-01
30040.0	0.10970E-01
30060.0	0.13755E-01
30080.0	0.92800E-02
30100.0	0.11040E-01
30120.0	0.12235E-01
30140.0	0.12195E-01
30160.0	0.79700E-02
30180.0	0.10340E-01
30200.0	0.11070E-01
30220.0	0.98700E-02
30240.0	0.80000E-02
30260.0	0.11415E-01
30280.0	0.12980E-01
30300.0	0.12690E-01
30320.0	0.10200E-01
30340.0	0.12525E-01
30360.0	0.12920E-01
30380.0	0.12660E-01
30400.0	0.10400E-01
30420.0	0.91400E-02
30440.0	0.10000E-01
30460.0	0.97850E-02
30480.0	0.99000E-02
30500.0	0.10460E-01
30520.0	0.11685E-01
30540.0	0.13105E-01
30560.0	0.99250E-02
30580.0	0.11140E-01
30600.0	0.12240E-01
30620.0	0.11050E-01
30640.0	0.12935E-01
30660.0	0.97900E-02
30680.0	0.12125E-01
30700.0	0.12200E-01
30720.0	0.93500E-02
30740.0	0.93850E-02
30760.0	0.86650E-02
30780.0	0.70900E-02
30800.0	0.12655E-01
30820.0	0.82350E-02
30840.0	0.94450E-02
30860.0	0.61850E-02
30880.0	0.74100E-02
30900.0	0.62500E-02
30920.0	0.77950E-02
30940.0	0.74050E-02
30960.0	0.52750E-02
30980.0	0.44040E-02
31000.0	0.80800E-02
31020.0	0.68300E-02
31040.0	0.82000E-02
31060.0	0.95100E-02
31080.0	0.82200E-02
31100.0	0.55450E-02
31120.0	0.64200E-02
31140.0	0.60100E-02
31160.0	0.99700E-02
31180.0	0.95300E-02
31200.0	0.10595E-01
31220.0	0.80500E-02
31240.0	0.69550E-02
31260.0	0.10740E-01
31280.0	0.72100E-02
31300.0	0.61550E-02
31320.0	0.48830E-02
31340.0	0.11750E-01
31360.0	0.81000E-02
31380.0	0.64350E-02
31400.0	0.54800E-02
31420.0	0.50950E-02
31440.0	0.54050E-02
31460.0	0.10365E-01
31480.0	0.10125E-01
31500.0	0.96450E-02
31520.0	0.11120E-01
31540.0	0.76500E-02
31560.0	0.69850E-02
31580.0	0.56050E-02
31600.0	0.80750E-02
31620.0	0.43935E-02
31640.0	0.48095E-02
31660.0	0.48500E-02
31680.0	0.84600E-02
31700.0	0.99150E-02
31720.0	0.82450E-02
31740.0	0.98350E-02
31760.0	0.60200E-02
31780.0	0.66300E-02
31800.0	0.31085E-02
31820.0	0.91050E-02
31840.0	0.80950E-02
31860.0	0.10040E-01
31880.0	0.80500E-02
31900.0	0.61100E-02
31920.0	0.74150E-02
31940.0	0.78650E-02
31960.0	0.79550E-02
31980.0	0.70800E-02
32000.0	0.81850E-02
32020.0	0.61400E-02
32040.0	0.62450E-02
32060.0	0.63400E-02
32080.0	0.85500E-02
32100.0	0.82100E-02
32120.0	0.11270E-01
32140.0	0.91000E-02
32160.0	0.10375E-01
32180.0	0.89650E-02
32200.0	0.73400E-02
32220.0	0.73450E-02
32240.0	0.22130E-02
32260.0	0.51550E-02
32280.0	0.50800E-02
32300.0	0.76300E-02
32320.0	0.35935E-02
32340.0	0.52700E-02
32360.0	0.71600E-02
32380.0	0.55800E-02
32400.0	0.93850E-02
32420.0	0.65250E-02
32440.0	0.54000E-02
32460.0	0.86450E-02
32480.0	0.60950E-02
32500.0	0.57600E-02
32520.0	0.81950E-02
32540.0	0.62950E-02
32560.0	0.75600E-02
32580.0	0.62850E-02
32600.0	0.46985E-02
32620.0	0.54750E-02
32640.0	0.70800E-02
32660.0	0.71850E-02
32680.0	0.36025E-02
32700.0	0.38980E-02
32720.0	0.68450E-02
32740.0	0.67400E-02
32760.0	0.79200E-02
32780.0	0.73750E-02
32800.0	0.37410E-02
32820.0	0.77100E-02
32840.0	0.73800E-02
32860.0	0.45295E-02
32880.0	0.60150E-02
32900.0	0.53100E-02
32920.0	0.54350E-02
32940.0	0.73650E-02
32960.0	0.82950E-02
32980.0	0.54300E-02
33000.0	0.60600E-02
33020.0	0.78050E-02
33040.0	0.35040E-02
33060.0	0.58200E-02
33080.0	0.38945E-02
33100.0	0.21010E-02
33120.0	0.30715E-02
33140.0	0.49970E-02
33160.0	0.54900E-02
33180.0	0.52450E-02
33200.0	0.54150E-02
33220.0	0.38195E-02
33240.0	0.30490E-02
33260.0	0.54150E-02
33280.0	0.38845E-02
33300.0	0.29085E-02
33320.0	0.22415E-02
33340.0	0.54250E-02
33360.0	0.59600E-02
33380.0	0.30095E-02
33400.0	0.50650E-02
33420.0	0.60100E-02
33440.0	0.59100E-02
33460.0	0.42550E-02
33480.0	0.34850E-02
33500.0	0.22260E-02
33520.0	0.36740E-02
33540.0	0.47420E-02
33560.0	0.58450E-02
33580.0	0.73950E-02
33600.0	0.60050E-02
33620.0	0.33455E-02
33640.0	0.52750E-02
33660.0	0.27200E-02
33680.0	0.49745E-02
33700.0	0.24550E-02
33720.0	0.42840E-02
33740.0	0.65400E-02
33760.0	0.53650E-02
33780.0	0.59450E-02
33800.0	0.48790E-02
33820.0	0.59100E-02
33840.0	0.33520E-02
33860.0	0.70200E-02
33880.0	0.53050E-02
33900.0	0.31375E-02
33920.0	0.39135E-02
33940.0	0.60200E-02
33960.0	0.48450E-02
33980.0	0.45325E-02
34000.0	0.53250E-02
34020.0	0.38940E-02
34040.0	0.26715E-02
34060.0	0.67500E-02
34080.0	0.51750E-02
34100.0	0.63350E-02
34120.0	0.56650E-02
34140.0	0.37375E-02
34160.0	0.39715E-02
34180.0	0.47400E-02
34200.0	0.47315E-02
34220.0	0.55250E-02
34240.0	0.52200E-02
34260.0	0.48080E-02
34280.0	0.52450E-02
34300.0	0.52450E-02
34320.0	0.61250E-02
34340.0	0.54550E-02
34360.0	0.51600E-02
34380.0	0.57050E-02
34400.0	0.52550E-02
34420.0	0.66150E-02
34440.0	0.56350E-02
34460.0	0.60500E-02
34480.0	0.56050E-02
34500.0	0.49545E-02
34520.0	0.52300E-02
34540.0	0.39240E-02
34560.0	0.36860E-02
34580.0	0.38150E-02
34600.0	0.35625E-02
34620.0	0.36920E-02
34640.0	0.38435E-02
34660.0	0.33415E-02
34680.0	0.18340E-02
34700.0	0.12040E-02
34720.0	0.22310E-02
34740.0	0.36110E-02
34760.0	0.27710E-02
34780.0	0.33100E-02
34800.0	0.39455E-02
34820.0	0.42000E-02
34840.0	0.26645E-02
34860.0	0.28970E-02
34880.0	0.32895E-02
34900.0	0.33550E-02
34920.0	0.29810E-02
34940.0	0.30250E-02
34960.0	0.29025E-02
34980.0	0.19665E-02
35000.0	0.15175E-02
35020.0	0.10935E-02
35040.0	0.54100E-03
35060.0	0.50150E-03
35080.0	0.99800E-03
35100.0	0.14570E-02
35120.0	0.19590E-02
35140.0	0.28030E-02
35160.0	0.18600E-02
35180.0	0.29970E-02
35200.0	0.26110E-02
35220.0	0.29910E-02
35240.0	0.31070E-02
35260.0	0.20595E-02
35280.0	0.35140E-02
35300.0	0.29315E-02
35320.0	0.31075E-02
35340.0	0.28890E-02
35360.0	0.26215E-02
35380.0	0.23325E-02
35400.0	0.28755E-02
35420.0	0.25710E-02
35440.0	0.24845E-02
35460.0	0.24875E-02
35480.0	0.21725E-02
35500.0	0.20265E-02
35520.0	0.22505E-02
35540.0	0.13950E-02
35560.0	0.13955E-02
35580.0	0.14175E-02
35600.0	0.12050E-02
35620.0	0.89500E-03
35640.0	0.68850E-03
35660.0	0.62150E-03
35680.0	0.57950E-03
35700.0	0.62850E-03
35720.0	0.60900E-03
35740.0	0.46660E-03
35760.0	0.87550E-03
35780.0	0.45640E-03
35800.0	0.68150E-03
35820.0	0.83850E-03
35840.0	0.10585E-02
35860.0	0.11250E-02
35880.0	0.14835E-02
35900.0	0.14805E-02
35920.0	0.12965E-02
35940.0	0.14095E-02
35960.0	0.13185E-02
35980.0	0.13045E-02
36000.0	0.18170E-02
36020.0	0.20970E-02
36040.0	0.25120E-02
36060.0	0.20055E-02
36080.0	0.25810E-02
36100.0	0.17025E-02
36120.0	0.20795E-02
36140.0	0.21020E-02
36160.0	0.24650E-02
36180.0	0.18800E-02
36200.0	0.17135E-02
36220.0	0.20650E-02
36240.0	0.27915E-02
36260.0	0.10875E-02
36280.0	0.81700E-03
36300.0	0.13545E-02
36320.0	0.19845E-02
36340.0	0.12845E-02
36360.0	0.59000E-03
36380.0	0.12540E-02
36400.0	0.69100E-03
36420.0	0.14535E-02
36440.0	0.73200E-03
36460.0	0.99900E-03
36480.0	0.11215E-02
36500.0	0.10965E-02
36520.0	0.96800E-03
36540.0	0.15895E-02
36560.0	0.15740E-02
36580.0	0.17070E-02
36600.0	0.18960E-02
36620.0	0.28325E-02
36640.0	0.18305E-02
36660.0	0.14900E-02
36680.0	0.15240E-02
36700.0	0.12990E-02
36720.0	0.17110E-02
36740.0	0.10935E-02
36760.0	0.81450E-03
36780.0	0.14275E-02
36800.0	0.22045E-02
36820.0	0.14175E-02
36840.0	0.19720E-02
36860.0	0.21640E-02
36880.0	0.20270E-02
36900.0	0.19165E-02
36920.0	0.22155E-02
36940.0	0.17775E-02
36960.0	0.29240E-02
36980.0	0.21870E-02
37000.0	0.18095E-02
37020.0	0.27490E-02
37040.0	0.16665E-02
37060.0	0.18435E-02
37080.0	0.14670E-02
37100.0	0.18650E-02
37120.0	0.19325E-02
37140.0	0.20565E-02
37160.0	0.15810E-02
37180.0	0.17380E-02
37200.0	0.19315E-02
37220.0	0.22420E-02
37240.0	0.15950E-02
37260.0	0.20680E-02
37280.0	0.20545E-02
37300.0	0.18240E-02
37320.0	0.13970E-02
37340.0	0.17965E-02
37360.0	0.24335E-02
37380.0	0.26320E-02
37400.0	0.13170E-02
37420.0	0.21740E-02
37440.0	0.16295E-02
37460.0	0.18465E-02
37480.0	0.19505E-02
37500.0	0.17825E-02
37520.0	0.18880E-02
37540.0	0.17140E-02
37560.0	0.16800E-02
37580.0	0.22070E-02
37600.0	0.18020E-02
37620.0	0.22465E-02
37640.0	0.20660E-02
37660.0	0.25445E-02
37680.0	0.17645E-02
37700.0	0.15910E-02
37720.0	0.16325E-02
37740.0	0.12365E-02
37760.0	0.16055E-02
37780.0	0.16825E-02
37800.0	0.18805E-02
37820.0	0.26810E-02
37840.0	0.19860E-02
37860.0	0.16775E-02
37880.0	0.21205E-02
37900.0	0.20425E-02
37920.0	0.14465E-02
37940.0	0.12470E-02
37960.0	0.99800E-03
37980.0	0.53050E-03
38000.0	0.44220E-03
38020.0	0.73900E-03
38040.0	0.55550E-03
38060.0	0.74700E-03
38080.0	0.63750E-03
38100.0	0.10120E-02
38120.0	0.99500E-03
38140.0	0.73050E-03
38160.0	0.10065E-02
38180.0	0.60700E-03
38200.0	0.66700E-03
38220.0	0.89450E-03
38240.0	0.47895E-03
38260.0	0.50800E-03
38280.0	0.37200E-03
38300.0	0.73650E-03
38320.0	0.69850E-03
38340.0	0.43040E-03
38360.0	0.43035E-03
38380.0	0.82550E-03
38400.0	0.83750E-03
38420.0	0.90400E-03
38440.0	0.56850E-03
38460.0	0.25790E-03
38480.0	0.37275E-03
38500.0	0.73150E-03
38520.0	0.86650E-03
38540.0	0.47475E-03
38560.0	0.92800E-03
38580.0	0.66700E-03
38600.0	0.13620E-02
38620.0	0.88000E-03
38640.0	0.83350E-03
38660.0	0.36345E-03
38680.0	0.69900E-03
38700.0	0.89550E-03
38720.0	0.13315E-02
38740.0	0.11190E-02
38760.0	0.10025E-02
38780.0	0.84850E-03
38800.0	0.52150E-03
38820.0	0.57400E-03
38840.0	0.10185E-02
38860.0	0.93700E-03
38880.0	0.82450E-03
38900.0	0.98200E-03
38920.0	0.79600E-03
38940.0	0.75400E-03
38960.0	0.89900E-03
38980.0	0.60050E-03
39000.0	0.40885E-03
39020.0	0.43925E-03
39040.0	0.64550E-03
39060.0	0.70800E-03
39080.0	0.58050E-03
39100.0	0.47415E-03
39120.0	0.50050E-03
39140.0	0.67500E-03
39160.0	0.45785E-03
39180.0	0.62550E-03
39200.0	0.39145E-03
39220.0	0.30995E-03
39240.0	0.41030E-03
39260.0	0.30490E-03
39280.0	0.40490E-03
39300.0	0.45185E-03
39320.0	0.36755E-03
39340.0	0.34255E-03
39360.0	0.44515E-03
39380.0	0.33415E-03
39400.0	0.34520E-03
39420.0	0.28050E-03
39440.0	0.36335E-03
39460.0	0.32525E-03
39480.0	0.39870E-03
39500.0	0.39485E-03
39520.0	0.23030E-03
39540.0	0.21110E-03
39560.0	0.26640E-03
39580.0	0.30015E-03
39600.0	0.22990E-03
39620.0	0.22055E-03
39640.0	0.29370E-03
39660.0	0.33830E-03
39680.0	0.21240E-03
39700.0	0.26935E-03
39720.0	0.23965E-03
39740.0	0.26335E-03
39760.0	0.23520E-03
39780.0	0.36605E-03
39800.0	0.37470E-03
39820.0	0.34650E-03
39840.0	0.46820E-03
39860.0	0.38570E-03
39880.0	0.21845E-03
39900.0	0.36365E-03
39920.0	0.50950E-03
39940.0	0.39845E-03
39960.0	0.32290E-03
39980.0	0.38445E-03
40000.0	0.44230E-03
40020.0	0.45940E-03
40040.0	0.38985E-03
40060.0	0.49950E-03
40080.0	0.37735E-03
40100.0	0.32535E-03
40120.0	0.23030E-03
40140.0	0.16150E-03
40160.0	0.22105E-03
40180.0	0.20075E-03
40200.0	0.31860E-03
40220.0	0.35825E-03
40240.0	0.22975E-03
40260.0	0.16400E-03
40280.0	0.32535E-03
40300.0	0.38385E-03
40320.0	0.24820E-03
40340.0	0.31855E-03
40360.0	0.35140E-03
40380.0	0.43440E-03
40400.0	0.41730E-03
40420.0	0.28355E-03
40440.0	0.33155E-03
40460.0	0.36245E-03
40480.0	0.35340E-03
40500.0	0.34970E-03
40520.0	0.31915E-03
40540.0	0.31005E-03
40560.0	0.30055E-03
40580.0	0.27910E-03
40600.0	0.21630E-03
40620.0	0.28875E-03
40640.0	0.34235E-03
40660.0	0.32200E-03
40680.0	0.33345E-03
40700.0	0.27225E-03
40720.0	0.33265E-03
40740.0	0.28875E-03
40760.0	0.27035E-03
40780.0	0.28160E-03
40800.0	0.31470E-03
40820.0	0.34920E-03
40840.0	0.27980E-03
40860.0	0.38290E-03
40880.0	0.41640E-03
40900.0	0.36990E-03
40920.0	0.39885E-03
40940.0	0.51250E-03
40960.0	0.43710E-03
40980.0	0.31075E-03
41000.0	0.39835E-03
41020.0	0.42690E-03
41040.0	0.34615E-03
41060.0	0.26565E-03
41080.0	0.41545E-03
41100.0	0.34285E-03
41120.0	0.46785E-03
41140.0	0.45070E-03
41160.0	0.36710E-03
41180.0	0.47060E-03
41200.0	0.52350E-03
41220.0	0.37185E-03
41240.0	0.33780E-03
41260.0	0.37915E-03
41280.0	0.50600E-03
41300.0	0.41935E-03
41320.0	0.35125E-03
41340.0	0.39490E-03
41360.0	0.37515E-03
41380.0	0.32815E-03
41400.0	0.31490E-03
41420.0	0.17885E-03
41440.0	0.27570E-03
41460.0	0.15630E-03
41480.0	0.21330E-03
41500.0	0.28595E-03
41520.0	0.23795E-03
41540.0	0.14945E-03
41560.0	0.16390E-03
41580.0	0.17055E-03
41600.0	0.28370E-03
41620.0	0.28370E-03
41640.0	0.31285E-03
41660.0	0.20450E-03
41680.0	0.23910E-03
41700.0	0.26360E-03
41720.0	0.13390E-03
41740.0	0.14005E-03
41760.0	0.27785E-03
41780.0	0.32385E-03
41800.0	0.27895E-03
41820.0	0.37075E-03
41840.0	0.19990E-03
41860.0	0.18430E-03
41880.0	0.29555E-03
41900.0	0.30045E-03
41920.0	0.23945E-03
41940.0	0.15900E-03
41960.0	0.13675E-03
41980.0	0.14225E-03
42000.0	0.23530E-03
42020.0	0.21420E-03
42040.0	0.33190E-03
42060.0	0.36500E-03
42080.0	0.24165E-03
42100.0	0.25940E-03
42120.0	0.15685E-03
42140.0	0.36920E-03
42160.0	0.36775E-03
42180.0	0.28360E-03
42200.0	0.24920E-03
42220.0	0.24105E-03
42240.0	0.19450E-03
42260.0	0.26885E-03
42280.0	0.21220E-03
42300.0	0.32165E-03
42320.0	0.27255E-03
42340.0	0.24685E-03
42360.0	0.16025E-03
42380.0	0.21095E-03
42400.0	0.35295E-03
42420.0	0.32775E-03
42440.0	0.30420E-03
42460.0	0.26765E-03
42480.0	0.32290E-03
42500.0	0.33730E-03
42520.0	0.28475E-03
42540.0	0.28895E-03
42560.0	0.18225E-03
42580.0	0.13935E-03
42600.0	0.21120E-03
42620.0	0.15910E-03
42640.0	0.15350E-03
42660.0	0.11345E-03
42680.0	0.25535E-03
42700.0	0.26815E-03
42720.0	0.22480E-03
42740.0	0.16875E-03
42760.0	0.13810E-03
42780.0	0.22600E-03
42800.0	0.36715E-03
42820.0	0.24320E-03
42840.0	0.23600E-03
42860.0	0.17570E-03
42880.0	0.18100E-03
42900.0	0.26410E-03
42920.0	0.34410E-03
42940.0	0.28320E-03
42960.0	0.20650E-03
42980.0	0.14885E-03
43000.0	0.28085E-03
43020.0	0.45035E-03
43040.0	0.37925E-03
43060.0	0.16575E-03
43080.0	0.19280E-03
43100.0	0.19980E-03
43120.0	0.31125E-03
43140.0	0.25335E-03
43160.0	0.28340E-03
43180.0	0.37210E-03
43200.0	0.22640E-03
43220.0	0.19105E-03
43240.0	0.17730E-03
43260.0	0.16650E-03
43280.0	0.22445E-03
43300.0	0.29610E-03
43320.0	0.28340E-03
43340.0	0.41160E-03
43360.0	0.42245E-03
43380.0	0.29195E-03
43400.0	0.16400E-03
43420.0	0.30415E-03
43440.0	0.21955E-03
43460.0	0.18190E-03
43480.0	0.20210E-03
43500.0	0.14080E-03
43520.0	0.14390E-03
43540.0	0.36505E-03
43560.0	0.25445E-03
43580.0	0.25860E-03
43600.0	0.24960E-03
43620.0	0.25320E-03
43640.0	0.21560E-03
43660.0	0.20625E-03
43680.0	0.30545E-03
43700.0	0.18495E-03
43720.0	0.19150E-03
43740.0	0.38910E-03
43760.0	0.26155E-03
43780.0	0.24790E-03
43800.0	0.36110E-03
43820.0	0.30505E-03
43840.0	0.23510E-03
43860.0	0.24625E-03
43880.0	0.24605E-03
43900.0	0.22685E-03
43920.0	0.15900E-03
43940.0	0.21555E-03
43960.0	0.16115E-03
43980.0	0.20305E-03
44000.0	0.16960E-03
44020.0	0.16815E-03
44040.0	0.15550E-03
44060.0	0.13395E-03
44080.0	0.16285E-03
44100.0	0.18120E-03
44120.0	0.15990E-03
44140.0	0.13395E-03
44160.0	0.20275E-03
44180.0	0.22185E-03
44200.0	0.27540E-03
44220.0	0.19890E-03
44240.0	0.17375E-03
44260.0	0.33810E-03
44280.0	0.25150E-03
44300.0	0.25265E-03
44320.0	0.19730E-03
44340.0	0.31680E-03
44360.0	0.16195E-03
44380.0	0.36040E-03
44400.0	0.23660E-03
44420.0	0.24425E-03
44440.0	0.26790E-03
44460.0	0.26175E-03
44480.0	0.41875E-03
44500.0	0.29680E-03
44520.0	0.36200E-03
44540.0	0.22350E-03
44560.0	0.23900E-03
44580.0	0.26205E-03
44600.0	0.24540E-03
44620.0	0.28935E-03
44640.0	0.39080E-03
44660.0	0.23115E-03
44680.0	0.31075E-03
44700.0	0.33960E-03
44720.0	0.41465E-03
44740.0	0.33895E-03
44760.0	0.44295E-03
44780.0	0.36675E-03
44800.0	0.21565E-03
44820.0	0.21960E-03
44840.0	0.26850E-03
44860.0	0.28590E-03
44880.0	0.19455E-03
44900.0	0.20080E-03
44920.0	0.27390E-03
44940.0	0.22340E-03
44960.0	0.25825E-03
44980.0	0.21740E-03
45000.0	0.28385E-03
45020.0	0.26530E-03
45040.0	0.28435E-03
45060.0	0.18870E-03
45080.0	0.13070E-03
45100.0	0.84800E-04
45120.0	0.19880E-03
45140.0	0.23655E-03
45160.0	0.21855E-03
45180.0	0.24350E-03
45200.0	0.10700E-03
45220.0	0.83150E-04
45240.0	0.15490E-03
45260.0	0.20330E-03
45280.0	0.16685E-03
45300.0	0.19970E-03
45320.0	0.27845E-03
45340.0	0.25820E-03
45360.0	0.32895E-03
45380.0	0.32200E-03
45400.0	0.27670E-03
45420.0	0.12980E-03
45440.0	0.17855E-03
45460.0	0.27875E-03
45480.0	0.30630E-03
45500.0	0.24575E-03
45520.0	0.14630E-03
45540.0	0.17430E-03
45560.0	0.29340E-03
45580.0	0.31300E-03
45600.0	0.21380E-03
45620.0	0.17910E-03
45640.0	0.22030E-03
45660.0	0.18315E-03
45680.0	0.22595E-03
45700.0	0.15060E-03
45720.0	0.10185E-03
45740.0	0.29135E-03
45760.0	0.21335E-03
45780.0	0.14815E-03
45800.0	0.29215E-03
45820.0	0.28095E-03
45840.0	0.28050E-03
45860.0	0.26975E-03
45880.0	0.21870E-03
45900.0	0.10270E-03
45920.0	0.13715E-03
45940.0	0.18465E-03
45960.0	0.11025E-03
45980.0	0.12240E-03
46000.0	0.16805E-03
46020.0	0.19765E-03
46040.0	0.15120E-03
46060.0	0.20480E-03
46080.0	0.10255E-03
46100.0	0.15475E-03
46120.0	0.13705E-03
46140.0	0.70000E-04
46160.0	0.94050E-04
46180.0	0.18290E-03
46200.0	0.16395E-03
46220.0	0.22170E-03
46240.0	0.15835E-03
46260.0	0.20960E-03
46280.0	0.19220E-03
46300.0	0.11425E-03
46320.0	0.92450E-04
46340.0	0.96650E-04
46360.0	0.14520E-03
46380.0	0.16260E-03
46400.0	0.17975E-03
46420.0	0.27990E-03
46440.0	0.16220E-03
46460.0	0.17765E-03
46480.0	0.85000E-04
46500.0	0.24740E-03
46520.0	0.18855E-03
46540.0	0.17455E-03
46560.0	0.15325E-03
46580.0	0.16725E-03
46600.0	0.16270E-03
46620.0	0.20160E-03
46640.0	0.23985E-03
46660.0	0.20330E-03
46680.0	0.22925E-03
46700.0	0.25755E-03
46720.0	0.12000E-03
46740.0	0.86500E-04
46760.0	0.15415E-03
46780.0	0.22135E-03
46800.0	0.14145E-03
46820.0	0.10870E-03
46840.0	0.12375E-03
46860.0	0.16880E-03
46880.0	0.11285E-03
46900.0	0.15995E-03
46920.0	0.10770E-03
46940.0	0.12040E-03
46960.0	0.16755E-03
46980.0	0.17330E-03
47000.0	0.15730E-03
47020.0	0.17645E-03
47040.0	0.10350E-03
47060.0	0.51800E-04
47080.0	0.67750E-04
47100.0	0.13305E-03
47120.0	0.13140E-03
47140.0	0.20380E-03
47160.0	0.25480E-03
47180.0	0.15350E-03
47200.0	0.15995E-03
47220.0	0.21775E-03
47240.0	0.20560E-03
47260.0	0.12025E-03
47280.0	0.10980E-03
47300.0	0.13540E-03
47320.0	0.16290E-03
47340.0	0.18415E-03
47360.0	0.13255E-03
47380.0	0.81450E-04
47400.0	0.82500E-04
47420.0	0.10480E-03
47440.0	0.15500E-03
47460.0	0.12260E-03
47480.0	0.18340E-03
47500.0	0.15550E-03
47520.0	0.74550E-04
47540.0	0.80500E-04
47560.0	0.17465E-03
47580.0	0.12640E-03
47600.0	0.85350E-04
47620.0	0.91150E-04
47640.0	0.11125E-03
47660.0	0.12070E-03
47680.0	0.77450E-04
47700.0	0.11590E-03
47720.0	0.86850E-04
47740.0	0.66650E-04
47760.0	0.12560E-03
47780.0	0.91050E-04
47800.0	0.85000E-04
47820.0	0.73200E-04
47840.0	0.73450E-04
47860.0	0.63250E-04
47880.0	0.97450E-04
47900.0	0.62350E-04
47920.0	0.82300E-04
47940.0	0.63400E-04
47960.0	0.55050E-04
47980.0	0.62550E-04
48000.0	0.60300E-04
48020.0	0.59050E-04
48040.0	0.57050E-04
48060.0	0.59350E-04
48080.0	0.60600E-04
48100.0	0.56600E-04
48120.0	0.58450E-04
48140.0	0.63800E-04
48160.0	0.59750E-04
48180.0	0.56650E-04
48200.0	0.59700E-04
48220.0	0.56200E-04
48240.0	0.52850E-04
48260.0	0.51350E-04
48280.0	0.54450E-04
48300.0	0.50100E-04
48320.0	0.47505E-04
48340.0	0.52350E-04
48360.0	0.51950E-04
48380.0	0.49880E-04
48400.0	0.45305E-04
48420.0	0.53400E-04
48440.0	0.47825E-04
48460.0	0.52900E-04
48480.0	0.36425E-04
48500.0	0.45680E-04
48520.0	0.51150E-04
48540.0	0.54400E-04
48560.0	0.42905E-04
48580.0	0.42705E-04
48600.0	0.51400E-04
48620.0	0.46295E-04
48640.0	0.39580E-04
48660.0	0.49100E-04
48680.0	0.48455E-04
48700.0	0.50550E-04
48720.0	0.48450E-04
48740.0	0.46630E-04
48760.0	0.49220E-04
48780.0	0.44005E-04
48800.0	0.47885E-04
48820.0	0.40230E-04
48840.0	0.48215E-04
48860.0	0.51650E-04
48880.0	0.46465E-04
48900.0	0.43585E-04
48920.0	0.41840E-04
48940.0	0.49080E-04
48960.0	0.47290E-04
48980.0	0.45045E-04
49000.0	0.39795E-04
49020.0	0.36375E-04
49040.0	0.39295E-04
49060.0	0.46355E-04
49080.0	0.40725E-04
49100.0	0.45960E-04
49120.0	0.40715E-04
49140.0	0.34645E-04
49160.0	0.31625E-04
49180.0	0.37900E-04
49200.0	0.44240E-04
49220.0	0.44980E-04
49240.0	0.39005E-04
49260.0	0.37615E-04
49280.0	0.36470E-04
49300.0	0.41915E-04
49320.0	0.33800E-04
49340.0	0.24575E-04
49360.0	0.29430E-04
49380.0	0.32440E-04
49400.0	0.41770E-04
49420.0	0.36205E-04
49440.0	0.30800E-04
49460.0	0.31690E-04
49480.0	0.37390E-04
49500.0	0.37755E-04
49520.0	0.33580E-04
49540.0	0.42060E-04
49560.0	0.36520E-04
49580.0	0.32990E-04
49600.0	0.33420E-04
49620.0	0.33425E-04
49640.0	0.34835E-04
49660.0	0.38250E-04
49680.0	0.36265E-04
49700.0	0.29795E-04
49720.0	0.31480E-04
49740.0	0.37190E-04
49760.0	0.32205E-04
49780.0	0.33320E-04
49800.0	0.29360E-04
49820.0	0.33005E-04
49840.0	0.35190E-04
49860.0	0.34200E-04
49880.0	0.28870E-04
49900.0	0.35455E-04
49920.0	0.32045E-04
49940.0	0.33350E-04
49960.0	0.32935E-04
49980.0	0.
