 CCM Column Radiation Model (CRM) Input File -*-text-*-
 AFGL TROPICAL
 CRM homepage: http://dust.ess.uci.edu/crm
   172.50000000000 Julian day of year (1.5 = Noon, Jan 1; from 1 to 365)
   40.0000000000000       Latitude (degrees North, from -90.0 to +90.0)
 Level  p [mb]      T [K]    H2O mmr    O3 mmr     Cld frc.  Cld CWP            
    
   1  2.437E-05  3.640E+02  1.294E-07  1.276E-09  0.000E+00  0.000E+00
   2  2.924E-05  3.318E+02  1.393E-07  3.637E-09  0.000E+00  0.000E+00
   3  3.624E-05  3.019E+02  1.493E-07  1.313E-08  0.000E+00  0.000E+00
   4  4.544E-05  2.765E+02  1.589E-07  3.455E-08  0.000E+00  0.000E+00
   5  5.766E-05  2.532E+02  1.689E-07  6.562E-08  0.000E+00  0.000E+00
   6  7.454E-05  2.356E+02  1.816E-07  1.293E-07  0.000E+00  0.000E+00
   7  9.824E-05  2.238E+02  1.965E-07  2.270E-07  0.000E+00  0.000E+00
   8  1.318E-04  2.128E+02  2.115E-07  3.381E-07  0.000E+00  0.000E+00
   9  1.798E-04  2.034E+02  2.261E-07  4.648E-07  0.000E+00  0.000E+00
  10  2.485E-04  1.949E+02  2.410E-07  5.974E-07  0.000E+00  0.000E+00
  11  3.476E-04  1.894E+02  2.647E-07  6.993E-07  0.000E+00  0.000E+00
  12  4.911E-04  1.869E+02  2.982E-07  7.681E-07  0.000E+00  0.000E+00
  13  7.000E-04  1.842E+02  3.440E-07  8.186E-07  0.000E+00  0.000E+00
  14  1.005E-03  1.814E+02  4.102E-07  8.435E-07  0.000E+00  0.000E+00
  15  1.453E-03  1.784E+02  4.886E-07  8.559E-07  0.000E+00  0.000E+00
  16  2.112E-03  1.770E+02  5.816E-07  8.576E-07  0.000E+00  0.000E+00
  17  3.076E-03  1.771E+02  6.904E-07  8.468E-07  0.000E+00  0.000E+00
  18  4.479E-03  1.779E+02  8.241E-07  8.087E-07  0.000E+00  0.000E+00
  19  6.496E-03  1.801E+02  9.983E-07  7.209E-07  0.000E+00  0.000E+00
  20  9.341E-03  1.832E+02  1.200E-06  6.057E-07  0.000E+00  0.000E+00
  21  1.332E-02  1.882E+02  1.452E-06  4.930E-07  0.000E+00  0.000E+00
  22  1.881E-02  1.950E+02  1.751E-06  3.894E-07  0.000E+00  0.000E+00
  23  2.636E-02  2.018E+02  2.053E-06  3.331E-07  0.000E+00  0.000E+00
  24  3.660E-02  2.086E+02  2.354E-06  3.637E-07  0.000E+00  0.000E+00
  25  5.023E-02  2.155E+02  2.653E-06  4.491E-07  0.000E+00  0.000E+00
  26  6.825E-02  2.223E+02  2.914E-06  6.090E-07  0.000E+00  0.000E+00
  27  9.175E-02  2.291E+02  3.141E-06  8.385E-07  0.000E+00  0.000E+00
  28  1.222E-01  2.360E+02  3.346E-06  1.089E-06  0.000E+00  0.000E+00
  29  1.612E-01  2.429E+02  3.517E-06  1.368E-06  0.000E+00  0.000E+00
  30  2.111E-01  2.497E+02  3.663E-06  1.669E-06  0.000E+00  0.000E+00
  31  2.747E-01  2.552E+02  3.735E-06  2.047E-06  0.000E+00  0.000E+00
  32  3.558E-01  2.592E+02  3.735E-06  2.502E-06  0.000E+00  0.000E+00
  33  4.599E-01  2.630E+02  3.732E-06  3.016E-06  0.000E+00  0.000E+00
  34  5.929E-01  2.661E+02  3.732E-06  3.629E-06  0.000E+00  0.000E+00
  35  7.607E-01  2.689E+02  3.732E-06  4.300E-06  0.000E+00  0.000E+00
  36  9.725E-01  2.700E+02  3.707E-06  5.063E-06  0.000E+00  0.000E+00
  37  1.246E+00  2.682E+02  3.639E-06  6.115E-06  0.000E+00  0.000E+00
  38  1.605E+00  2.647E+02  3.545E-06  7.557E-06  0.000E+00  0.000E+00
  39  2.079E+00  2.605E+02  3.440E-06  9.338E-06  0.000E+00  0.000E+00
  40  2.699E+00  2.561E+02  3.309E-06  1.137E-05  0.000E+00  0.000E+00
  41  3.516E+00  2.518E+02  3.160E-06  1.330E-05  0.000E+00  0.000E+00
  42  4.605E+00  2.475E+02  3.010E-06  1.484E-05  0.000E+00  0.000E+00
  43  6.062E+00  2.431E+02  2.861E-06  1.586E-05  0.000E+00  0.000E+00
  44  8.023E+00  2.388E+02  2.712E-06  1.619E-05  0.000E+00  0.000E+00
  45  1.067E+01  2.345E+02  2.563E-06  1.579E-05  0.000E+00  0.000E+00
  46  1.428E+01  2.302E+02  2.388E-06  1.443E-05  0.000E+00  0.000E+00
  47  1.922E+01  2.259E+02  2.196E-06  1.202E-05  0.000E+00  0.000E+00
  48  2.389E+01  2.225E+02  2.062E-06  9.769E-06  0.000E+00  0.000E+00
  49  2.785E+01  2.203E+02  2.006E-06  8.037E-06  0.000E+00  0.000E+00
  50  3.250E+01  2.181E+02  1.897E-06  6.380E-06  0.000E+00  0.000E+00
  51  3.795E+01  2.158E+02  1.773E-06  4.806E-06  0.000E+00  0.000E+00
  52  4.445E+01  2.126E+02  1.695E-06  3.480E-06  0.000E+00  0.000E+00
  53  5.225E+01  2.087E+02  1.633E-06  2.651E-06  0.000E+00  0.000E+00
  54  6.155E+01  2.047E+02  1.617E-06  1.947E-06  0.000E+00  0.000E+00
  55  7.275E+01  2.008E+02  1.664E-06  1.201E-06  0.000E+00  0.000E+00
  56  8.630E+01  1.968E+02  1.757E-06  6.214E-07  0.000E+00  0.000E+00
  57  1.023E+02  1.959E+02  1.835E-06  3.265E-07  0.000E+00  0.000E+00
  58  1.215E+02  2.004E+02  2.177E-06  2.237E-07  0.000E+00  0.000E+00
  59  1.440E+02  2.070E+02  3.178E-06  1.914E-07  0.000E+00  0.000E+00
  60  1.690E+02  2.136E+02  5.013E-06  1.640E-07  0.000E+00  0.000E+00
  61  1.975E+02  2.203E+02  1.213E-05  1.418E-07  0.000E+00  0.000E+00
  62  2.300E+02  2.269E+02  3.178E-05  1.196E-07  0.000E+00  0.000E+00
  63  2.665E+02  2.336E+02  8.213E-05  1.012E-07  0.000E+00  0.000E+00
  64  3.075E+02  2.403E+02  1.869E-04  8.783E-08  0.000E+00  0.000E+00
  65  3.535E+02  2.470E+02  3.651E-04  7.847E-08  0.000E+00  0.000E+00
  66  4.050E+02  2.536E+02  6.388E-04  7.200E-08  0.000E+00  0.000E+00
  67  4.620E+02  2.603E+02  1.054E-03  6.803E-08  0.000E+00  0.000E+00
  68  5.255E+02  2.670E+02  1.695E-03  6.430E-08  0.000E+00  0.000E+00
  69  5.960E+02  2.736E+02  2.423E-03  6.073E-08  0.000E+00  0.000E+00
  70  6.740E+02  2.804E+02  4.055E-03  5.850E-08  0.000E+00  0.000E+00
  71  7.600E+02  2.857E+02  7.433E-03  5.667E-08  0.000E+00  0.000E+00
  72  8.545E+02  2.907E+02  1.082E-02  5.377E-08  0.000E+00  0.000E+00
  73  9.585E+02  2.967E+02  1.412E-02  4.988E-08  0.000E+00  0.000E+00
   1013.25       Surface pressure [mb]
   299.7000      Surface air temperature [K]
   299.7000      Ground (skin) temperature [K]
   1.000000      Surface type flag (0=ocn, 1=lnd, 2=sea ice)
  9.9999998E-03  Surface aerodynamic roughness [m] (obsolete)
  0.0000000E+00  Snow cover liquid water equivalent [m]
  0.1000000      Albedo (Vis, direct)
  0.1000000      Albedo (Vis, diffuse)
  0.1000000      Albedo (NIR, direct)
  0.1000000      Albedo (NIR, diffuse)
  0.0000000E+00  Fraction strong zenith angle dep. sfc. (obsolete)
  3.5500000E-04  CO2 volume mixing ratio
  3.1100001E-07  N2O volume mixing ratio
  1.7139999E-06  CH4 volume mixing ratio
  2.8000000E-10  CFC11 volume mixing ratio
  5.0299998E-10  CFC12 volume mixing ratio
  0.0000000E+00  Aerosol visible opt. depth
   1367.000      Solar constant [W m-2]
        1995  Year AD
   262.515900000000       Longitude (degrees East, from 0.0 to 360.0)
