   0.00003029493000
   0.00092993950000
   0.00372242500000
   0.00657355400000
   0.00711800800000
   0.00856935400000
   0.00856793200000
   0.00958398500000
   0.00908118600000
   0.00875764200000
   0.01251168000000
   0.01487495000000
   0.01520337000000
   0.01412600000000
   0.01606523000000
   0.01792586000000
   0.01794996000000
   0.01792518000000
   0.01780590000000
   0.01718233000000
   0.01699980000000
   0.01677845000000
   0.01594880000000
   0.01640880000000
   0.01603962000000
   0.02324213000000
   0.01535254000000
   0.01521128000000
   0.01502945000000
   0.01427812000000
   0.01459327000000
   0.01424836000000
   0.01419565000000
   0.01408720000000
   0.01380006000000
   0.01313943000000
   0.01371091000000
   0.01347196000000
   0.01213007000000
   0.01173795000000
   0.01208073000000
   0.01132351000000
   0.00992618000000
   0.01098240000000
   0.01154305000000
   0.01136872000000
   0.00624657800000
   0.01085904000000
   0.01070701000000
   0.01019818000000
   0.01001903500000
   0.00870493000000
   0.00840328300000
   0.00888343400000
   0.00931980800000
   0.00878742900000
   0.00882798500000
   0.00892537900000
   0.00865380100000
   0.00766821800000
   0.00647720800000
   0.00612487300000
   0.00668323500000
   0.00278186800000
   0.00350628100000
   0.00347112400000
   0.00468078600000
   0.00581447200000
   0.00640646200000
   0.00679763800000
   0.00662170200000
   0.00652730400000
   0.00636830400000
   0.00623728100000
   0.00609959900000
   0.00597000600000
   0.00582005400000
   0.00564093400000
   0.00538745200000
   0.00502790700000
   0.00422904100000
   0.00269092500000
   0.00127191680000
   0.00161908700000
   0.00210879000000
   0.00217594500000
   0.00332193700000
   0.00381546200000
   0.00371741000000
   0.00394491800000
   0.00379137000000
   0.00393451400000
   0.00404189800000
   0.00416830100000
   0.00413418300000
   0.00403174800000
   0.00353036600000
   0.00354872600000
   0.00372777600000
   0.00360610400000
   0.00289865600000
   0.00254150000000
   0.00228572700000
   0.00160993940000
   0.00119245290000
   0.00013111156000
   0.00001363517800
   0.00006072922000
   0.00002579406000
   0.00015546836000
   0.00007504690000
   0.00014624381000
   0.00028228340000
   0.00038239910000
   0.00050834930000
   0.00091280140000
   0.00093890910000
   0.00080270580000
   0.00099745540000
   0.00148671060000
   0.00188155900000
   0.00204633500000
   0.00216828400000
   0.00218946800000
   0.00219250200000
   0.00217800900000
   0.00215456500000
   0.00192575100000
   0.00199468700000
   0.00201090600000
   0.00186445700000
   0.00184390900000
   0.00192893700000
   0.00191609400000
   0.00180950900000
   0.00180551500000
   0.00179048100000
   0.00176084200000
   0.00169392600000
   0.00167015500000
   0.00160785100000
   0.00152455300000
   0.00147217980000
   0.00140860620000
   0.00128783920000
   0.00126047730000
   0.00115858490000
   0.00112197970000
   0.00079704900000
   0.00069892580000
   0.00035097670000
   0.00017866228000
   0.00005818327000
   0.00004255898000
   0.00000753735000
   0.00001052129000
   0.00001320020300
   0.00000076358600
   0.00004924586000
   0.00011346703000
   0.00005547212000
   0.00001483889500
   0.00003940573400
   0.00005717330700
   0.00010110036000
   0.00017320420000
   0.00017173628000
   0.00036008428000
   0.00053536799000
   0.00056555740000
   0.00022997891000
   0.00018644863000
   0.00029717502000
   0.00056573691000
   0.00058742943000
   0.00041936325000
   0.00039090194000
   0.00041824789000
   0.00054338374000
   0.00056852520000
   0.00061314960000
   0.00066760370000
   0.00065571340000
   0.00065324110000
   0.00065928620000
   0.00062507130000
   0.00060544590000
   0.00059654440000
   0.00058184440000
   0.00058104350000
   0.00056864660000
   0.00057238170000
   0.00057322550000
   0.00056868250000
   0.00055906710000
   0.00054901230000
   0.00053934030000
   0.00053284340000
   0.00052312860000
   0.00051732780000
   0.00047494970000
   0.00044771393000
   0.00041681384000
   0.00041994686000
   0.00039616571000
   0.00035547014000
   0.00037420694000
   0.00034701908000
   0.00028337033000
   0.00028659055000
   0.00032268549000
   0.00024844828000
   0.00019862105000
   0.00029591177000
   0.00021988722000
   0.00015335910000
   0.00018351585000
   0.00017062759000
   0.00014284006000
   0.00007794149000
   0.00006887855400
   0.00006029000700
   0.00002217114230
   0.00001151259290
   0.00000121090540
   0.00000060166423
   0.00000068984011
                  0
                  0
                  0
                  0
                  0
                  0
   0.00000002649682
   0.00000028585410
   0.00000018832800
                  0
                  0
                  0
                  0
                  0
                  0
                  0
   0.00000004172322
                  0
                  0
                  0
                  0
                  0
                  0
                  0
   0.00000001624742
   0.00000002547580
   0.00000096227600
   0.00000045047870
   0.00000209395900
   0.00000495691000
   0.00000508162900
   0.00001881579000
   0.00001986586000
   0.00004770836000
   0.00001764112000
   0.00002659587000
   0.00004689195000
   0.00005387921000
   0.00002481136000
   0.00005505402000
   0.00005766439000
   0.00002448208000
   0.00006865068000
   0.00006241431000
   0.00004289103000
   0.00004271694000
   0.00004255881000
   0.00002628318000
   0.00003309159000
   0.00002366287000
   0.00005088146000
   0.00004123924000
   0.00003463971000
   0.00003669813000
   0.00002953832000
   0.00004319378000
   0.00004817085000
   0.00004799403000
   0.00005130209000
   0.00006241375000
   0.00008750420000
   0.00009935100000
   0.00007805280000
   0.00003667496000
   0.00001238629000
   0.00001420475000
   0.00002214443000
   0.00003213028000
   0.00004764823000
   0.00004117715000
   0.00003317356000
   0.00004164195000
   0.00005514978000
   0.00001898757000
   0.00005103819000
   0.00003119018000
   0.00004405310000
   0.00005617920000
   0.00005411700000
   0.00005194973000
   0.00005987821000
   0.00006673744000
   0.00007476070000
   0.00008888600000
   0.00007180250000
   0.00008146600000
   0.00009499259295
   0.00009091567218
   0.00008866018650
   0.00008455808513
   0.00009034700293
   0.00008861715770
   0.00008629028336
   0.00008662402529
   0.00008546954646
   0.00008246706622
   0.00008038581286
   0.00007804493497
   0.00007541857650
   0.00007241352160
   0.00007230634850
   0.00007298120260
   0.00007233866600
   0.00006949133790
   0.00007186814560
   0.00007106603150
   0.00007010327580
   0.00006935304720
   0.00007613065830
   0.00007237750870
   0.00006465730900
   0.00005345687520
   0.00006178601400
   0.00006601074500
   0.00006783991500
   0.00006595497500
   0.00006571133200
   0.00006347613300
   0.00006102599220
   0.00006174516900
   0.00006111075100
   0.00006076338500
   0.00006079020800
   0.00005959039600
   0.00005865846700
   0.00005743494400
   0.00006168010000
   0.00006066526000
   0.00005791972300
   0.00005970683300
   0.00005998748510
   0.00006010776900
   0.00005954354340
   0.00005933447420
   0.00005909637440
   0.00005918601410
   0.00005884680580
   0.00005801333070
   0.00005743744340
   0.00005708157760
   0.00005634070570
   0.00005574898370
   0.00005534394020
   0.00005433072710
   0.00005410952790
   0.00005376860660
   0.00005307730560
   0.00005278649390
   0.00005224628040
   0.00005153080470
   0.00005080359170
   0.00005068763880
   0.00005047140260
   0.00004948423240
   0.00004921496700
   0.00004892019680
   0.00004845654230
   0.00004826095060
   0.00004732089370
   0.00004712396960
   0.00004673012110
   0.00004344144690
   0.00004115576570
   0.00000707448829
   0.00000017715530
                  0
                  0
                  0
                  0
                  0
                  0
                  0
                  0
                  0
                  0
                  0
                  0
                  0
                  0
                  0
                  0
                  0
                  0
                  0
                  0
                  0
                  0
   0.00000003504697
   0.00000006308617
   0.00000051532670
   0.00000085449700
   0.00000349692000
   0.00000549440500
   0.00001299333000
   0.00001913982000
   0.00002301841549
   0.00002672503388
   0.00002688921812
   0.00002708629522
   0.00002818568552
   0.00002998708686
   0.00002901445908
   0.00002656689000
   0.00002681352899
   0.00002801363146
   0.00002788886096
   0.00002464658000
   0.00002464658000
   0.00002512328000
   0.00002518600000
   0.00002362857000
   0.00002299325000
   0.00002040115000
   0.00001797404000
   0.00001880767000
   0.00002073526000
   0.00002051378000
   0.00001739689000
   0.00001739689000
   0.00001962044000
   0.00002014362000
   0.00001570667000
   0.00001178961000
   0.00001258026000
   0.00001521569000
   0.00001521569000
   0.00000648671100
   0.00000560441000
   0.00000545479900
   0.00000533873200
   0.00000695933000
   0.00001364489000
   0.00001364489000
   0.00000853734000
   0.00000729148000
   0.00001094847346
   0.00001668861242
   0.00001668861242
   0.00001290269308
   0.00001270549000
   0.00000872683000
   0.00000454542200
   0.00000454536600
