#if 0
/* GLC95 data
   Received from P. Chylek 20080128
   Gosse, S., D. Labrie, and  P. Chylek (1995), Refractive index of ice in the 1.4-7.8 um spectral range, Appl. Opt., 34(28), 6582-6586
   cm^-1 x10^-2 */
const prc_cmp idx_rfr_h2o_ice_tbl_wvl[idx_rfr_h2o_ice_tbl_nbrGLC95]={
   1280 3.91
   1300 4.04
   1320 4.29
   1340 4.44
   1360 4.6
   1380 4.84
   1400 4.94
   1420 5.16
   1440 5.33
   1460 5.53
   1480 5.68
   1500 5.7
   1520 5.78
   1540 5.9
   1560 6.03
   1580 6.17
   1600 6.36
   1620 6.54
   1640 6.58
   1660 6.3
   1680 5.79
   1700 5.05
   1720 4.27
   1740 3.54
   1760 3
   1780 2.58
   1800 2.23
   1820 1.98
   1840 1.78
   1860 1.62
   1880 1.49
   1900 1.38
   1920 1.31
   1940 1.26
   1960 1.22
   1980 1.23
   2000 1.24
   2020 1.28
   2040 1.35
   2060 1.45
   2080 1.57
   2100 1.73
   2120 1.95
   2140 2.22
   2160 2.53
   2180 2.84
   2200 3.1
   2220 3.18
   2240 3.1
   2260 2.89
   2280 2.65
   2300 2.41
   2320 2.19
   2340 2.01
   2360 1.86
   2380 1.73
   2400 1.63
   2420 1.54
   2440 1.47
   2460 1.37
   2480 1.27
   2500 1.18
   2520 1.11
   2540 1.03
   2560 0.97
   2580 0.89
   2600 0.82
   2620 0.77
   2640 0.71
   2660 0.68
   2680 0.67
   2700 0.67
   2720 0.69
   2740 0.74
   2760 0.82
   2780 0.91
   2800 1.05
   2820 1.22
   2840 1.45
   2860 1.74
   2880 2.11
   2900 2.6
   2920 3.18
   2940 3.9
   2960 4.72
   2980 5.87
   3460 14.4
   3480 10.1
   3500 7.33
   3520 5.39
   3540 3.86
   3560 2.72
   3580 1.94
   3600 1.34
   3620 0.9
   3640 0.61
   3660 0.42
   3680 0.29
   3700 0.22
   3720 0.17
   3740 0.13
   3760 0.11
   3780 0.1
   3800 0.09
   3820 0.08
   3840 0.08
   3860 0.07
   3880 0.07
   3900 0.07
   3920 0.08
   3940 0.08
   3960 0.08
   3980 0.08
   4000 0.08
   4020 0.07
   4040 0.07
   4060 0.07
   4080 0.07
   4100 0.06
   4120 0.06
   4140 0.06
   4160 0.06
   4180 0.06
   4200 0.05
   4220 0.05
   4240 0.05
   4260 0.05
   4280 0.04
   4300 0.04
   4320 0.03
   4340 0.03
   4360 0.03
   4380 0.02
   4400 0.02
   4420 0.02
   4440 0.02
   4460 0.02
   4480 0.02
   4500 0.02
   4520 0.02
   4540 0.02
   4560 0.03
   4580 0.03
   4600 0.03
   4620 0.03
   4640 0.04
   4660 0.04
   4680 0.05
   4700 0.05
   4720 0.06
   4740 0.07
   4760 0.08
   4780 0.09
   4800 0.1
   4820 0.11
   4840 0.12
   4860 0.13
   4880 0.14
   4900 0.15
   4920 0.15
   4940 0.15
   4960 0.16
   4980 0.16
   5000 0.16
   5020 0.16
   5040 0.16
   5060 0.16
   5080 0.15
   5100 0.14
   5120 0.13
   5140 0.12
   5160 0.1
   5180 0.09
   5200 0.07
   5220 0.06
   5240 0.05
   5260 0.04
   5280 0.03
   5300 0.02
   5320 0.02
   5340 0.02
   5360 0.02
   5380 0.01
   5400 0.01
   5420 0.01
   5440 0.01
   5460 0.01
   5480 0.01
   5500 0.01
   5520 0.01
   5540 0.01
   5560 0.01
   5580 0.01
   5600 0.01
   5620 0.01
   5640 0.02
   5660 0.02
   5680 0.02
   5700 0.02
   5720 0.02
   5740 0.02
   5760 0.02
   5780 0.02
   5800 0.02
   5820 0.02
   5840 0.02
   5860 0.02
   5880 0.02
   5900 0.02
   5920 0.02
   5940 0.02
   5960 0.02
   5980 0.02
   6000 0.02
   6020 0.02
   6040 0.02
   6060 0.02
   6080 0.02
   6100 0.03
   6120 0.03
   6140 0.03
   6160 0.03
   6180 0.03
   6200 0.03
   6220 0.03
   6240 0.03
   6260 0.03
   6280 0.03
   6300 0.03
   6320 0.03
   6340 0.03
   6360 0.04
   6380 0.04
   6400 0.04
   6420 0.04
   6440 0.04
   6460 0.04
   6480 0.04
   6500 0.05
   6520 0.05
   6540 0.05
   6560 0.05
   6580 0.05
   6600 0.05
   6620 0.05
   6640 0.05
   6660 0.05
   6680 0.06
   6700 0.06
   6720 0.05
   6740 0.05
   6760 0.05
   6780 0.04
   6800 0.04
   6820 0.04
   6840 0.03
   6860 0.03
   6880 0.02
   6900 0.02
   6920 0.02
   6940 0.02
   6960 0.01
   6980 0.01};
#endif // endif 0
   
