255 255 255
0 0 100
0 0 104
0 0 108
0 0 112
0 0 116
0 0 120
0 0 124
0 0 128
0 0 131
0 0 135
0 0 139
0 0 143
0 0 147
0 0 151
0 0 155
0 0 159
0 0 162
0 0 166
0 0 170
0 0 174
0 0 178
0 0 182
0 0 186
0 0 190
0 0 193
0 0 197
0 0 201
0 0 205
0 0 209
0 0 213
0 0 217
0 0 221
0 0 224
0 0 228
0 0 232
0 0 236
0 0 240
0 0 244
0 0 248
0 0 252
0 0 255
6 0 255
13 0 255
19 0 255
26 0 255
32 0 255
39 0 255
45 0 255
51 0 255
57 0 255
64 0 255
70 0 255
77 0 255
83 0 255
90 0 255
96 0 255
102 0 255
108 0 255
115 0 255
121 0 255
128 0 255
134 0 255
141 0 255
147 0 255
153 0 255
159 0 255
166 0 255
172 0 255
179 0 255
185 0 255
192 0 255
198 0 255
204 0 255
210 0 255
217 0 255
223 0 255
230 0 255
236 0 255
243 0 255
249 0 255
255 0 255
255 6 255
255 13 255
255 19 255
255 26 255
255 32 255
255 39 255
255 45 255
255 51 255
255 57 255
255 64 255
255 70 255
245 77 255
235 83 255
225 90 255
215 96 255
205 102 255
195 108 255
185 115 255
175 121 255
165 128 255
155 134 255
145 141 255
135 147 255
125 153 255
115 159 255
105 166 255
95 172 255
85 179 255
75 185 255
65 192 255
55 198 255
45 204 255
35 210 255
25 217 255
20 220 255
15 223 255
10 227 255
5 230 255
0 233 255
0 236 255
0 239 255
0 243 255
0 245 255
0 249 255
0 251 255
0 255 255
0 255 251
0 255 247
0 255 243
0 255 239
0 255 235
0 255 231
0 255 227
0 255 223
0 255 219
0 255 215
0 255 211
0 255 207
0 255 203
0 255 199
0 255 190
0 255 180
0 255 170
0 255 160
0 255 150
0 255 140
0 255 130
0 255 120
0 255 110
0 255 100
0 255 90
0 255 80
0 255 70
0 255 60
0 255 50
0 255 40
0 255 30
0 255 20
0 255 10
0 255 0
25 255 0
50 255 0
75 255 0
100 255 0
125 255 0
150 255 0
175 255 0
185 255 0
195 255 0
205 255 0
215 255 0
225 255 0
230 255 0
235 255 0
240 255 0
245 255 0
250 255 0
255 255 0
255 252 0
255 249 0
255 246 0
255 243 0
255 240 0
255 239 0
255 236 0
255 233 0
255 228 0
255 225 0
255 222 0
255 219 0
255 216 0
255 213 0
255 210 0
255 207 0
255 204 0
255 201 0
255 198 0
255 195 0
255 192 0
255 189 0
255 186 0
255 183 0
255 180 0
255 177 0
255 174 0
255 171 0
255 168 0
255 165 0
255 162 0
255 159 0
255 156 0
255 153 0
255 150 0
255 145 0
255 140 0
255 135 0
255 130 0
255 125 0
255 120 0
255 115 0
255 110 0
255 105 0
255 100 0
255 95 0
255 90 0
255 85 0
255 80 0
255 75 0
255 70 0
255 65 0
255 60 0
255 55 0
255 50 0
255 45 0
255 40 0
255 35 0
255 30 0
255 25 0
255 20 0
255 15 0
255 10 0
255 5 0
255 0 0
240 0 0
225 0 0
210 0 0
195 0 0
180 0 0
165 0 0
150 0 0
135 0 0
120 0 0
105 0 0
0 0 0













