   0   5  94
   0   5  98
   0   5 103
   0   6 107
   0   6 112
   0   6 117
   0   7 121
   0   7 126
   0   8 131
   0   8 136
   0   8 141
   0   9 146
   0   9 151
   0  10 156
   0  11 161
   0  11 166
   0  12 171
   0  12 176
   0  13 181
   0  14 186
   0  15 191
   0  15 196
   0  16 200
   0  17 205
   0  18 209
   0  19 213
   0  20 217
   0  21 221
   0  22 225
   0  23 229
   0  24 232
   0  25 235
   0  26 238
   0  28 241
   0  29 243
   0  30 246
   0  31 248
   0  33 250
   0  34 251
   0  36 252
   0  37 253
   0  39 254
   0  41 255
   0  43 255
   0  44 255
   0  46 255
   0  48 254
   0  50 253
   0  52 252
   0  54 251
   0  56 249
   0  58 247
   0  60 245
   0  63 243
   0  65 240
   0  67 237
   0  70 234
   0  72 231
   0  75 227
   0  77 224
   0  80 220
   0  83 216
   0  85 212
   0  88 208
   0  91 203
   0  94 199
   0  97 194
   0 100 189
   0 103 184
   0 106 180
   0 109 175
   0 112 170
   0 115 165
   0 118 160
   0 121 155
   0 125 149
   0 128 144
   0 131 139
   0 134 134
   0 138 130
   0 141 125
   0 144 120
   0 148 115
   0 151 110
   0 155 106
   0 158 101
   0 161  97
   0 165  92
   0 168  88
   0 171  84
   0 175  80
   1 178  77
   1 181  73
   1 184  70
   1 188  66
   2 191  64
   2 194  60
   3 197  58
   4 200  56
   5 203  54
   6 206  52
   7 209  50
   9 212  50
  11 215  49
  14 217  50
  17 220  51
  20 223  51
  24 225  53
  29 227  57
  34 230  60
  39 232  63
  45 234  67
  52 236  73
  60 238  79
  68 240  86
  76 242  93
  85 243 100
  94 245 108
 103 246 116
 113 248 125
 122 249 133
 131 250 141
 140 251 149
 148 252 157
 156 253 164
 162 253 169
 168 254 175
 173 254 179
 176 255 182
 178 255 183
 254 255 204
 254 255 203
 254 255 201
 254 254 197
 254 254 191
 254 253 184
 254 253 176
 254 252 167
 255 251 158
 255 250 147
 255 249 136
 255 247 125
 255 246 114
 255 244 103
 255 243  93
 255 241  82
 255 239  73
 255 237  64
 255 235  55
 255 233  48
 255 231  41
 255 228  34
 255 226  30
 255 223  25
 255 221  21
 255 218  17
 255 215  14
 255 212  12
 255 209  10
 255 206   8
 255 203   6
 255 200   6
 255 197   5
 255 194   5
 255 191   4
 255 187   3
 255 184   4
 255 181   4
 255 177   4
 255 174   3
 255 170   4
 255 167   4
 255 164   5
 255 160   5
 255 157   6
 255 153   6
 255 150   7
 255 146   7
 255 143   8
 255 139   9
 255 136  10
 255 132  11
 255 129  11
 255 126  12
 255 122  13
 255 119  15
 255 116  16
 255 112  17
 255 109  19
 255 106  20
 255 103  22
 255 100  23
 255  97  25
 255  94  27
 255  91  29
 255  88  31
 255  85  33
 255  82  35
 255  80  38
 255  77  40
 255  74  43
 255  72  46
 255  69  49
 255  67  52
 255  64  55
 255  62  58
 255  60  62
 255  57  65
 255  55  69
 255  53  73
 255  51  77
 255  49  81
 255  47  85
 255  45  89
 255  43  94
 255  41  98
 255  40 103
 255  38 108
 255  36 112
 255  35 117
 255  33 122
 255  32 127
 255  30 132
 255  29 138
 255  28 143
 255  26 148
 255  25 153
 255  24 158
 255  23 164
 255  22 169
 255  21 174
 255  20 179
 255  19 184
 255  18 189
 255  17 194
 255  16 199
 255  15 203
 255  14 208
 255  13 212
 255  13 216
 255  12 221
 255  11 224
 255  11 228
 255  10 232
 255  10 235
 255   9 238
 255   9 241
 255   8 244
 255   8 246
 254   7 248
 254   7 250
 254   6 251
 254   6 253
 254   6 254
 254   5 254
 254   5 255
