0 0 180
0 0 185
0 0 190
0 0 195
0 0 200
0 0 205
0 0 210
0 0 215
0 0 220
0 0 225
0 0 230
0 0 235
0 0 240
0 0 245
0 0 250
0 10 255
0 20 255
0 30 255
0 35 255
0 41 255
0 45 255
0 49 255
0 53 255
0 57 255
0 63 255
0 67 255
0 71 255
0  75 255
0  77 255
0  81 255
0  85 255
0  89 255
0  93 255
0  97 255
0 101 255
0 105 255
0 109 255
0 113 255
0 117 255
0 121 255
0 125 255
0 129 255
0 131 255
0 135 255
0 139 255
0 143 255
0 147 255
0 151 255
0 155 255
0 159 255
0 163 255
0 167 255
0 171 255
0 175 255
0 179 255
0 183 255
0 187 255
0 191 255
0 195 255
0 199 255
0 203 255
0 207 255
0 211 255
0 215 255
0 219 255
0 223 255
0 227 255
0 231 255
0 235 255
0 239 255
0 243 255
0 247 255
0 251 255
0 255 255
0 255 250
0 255 245
0 255 240
0 255 235
0 255 230
0 255 225
0 255 220
0 255 215
0 255 210
0 255 205
0 255 200
0 255 195
0 255 190
0 255 185
0 255 180
0 255 175
0 255 170
0 255 165
0 255 160
0 255 155
0 255 150
0 255 145
0 255 140
0 255 130
0 255 125
0 255 120
0 255 115
0 255 110
0 255 105
0 255 100
0 255 95
0 255 90
0 255 85
0 255 80
0 255 75
0 255 70
0 255 65
0 255 60
0 255 55
0 255 50
0 255 40
0 255 30
0 255 20
0 255 10
0 255 0
0 250 0
0 245 0
0 240 0
0 235 0
0 230 0
0 225 0
0 220 0
0 210 0
0 205 0
0 200 0
0 195 0
255 255 185
255 255 180
255 255 170
255 255 160
255 255 150
255 255 140
255 255 130
255 255 120
255 255 110
255 255 100
255 255 90
255 255 80
255 255 70
255 255 60
255 255 50
255 255 40
255 255 30
255 255 20
255 255 10
255 255 0
255 252 0
255 249 0
255 246 0
255 243 0
255 240 0
255 237 0
255 234 0
255 231 0
255 228 0
255 225 0
255 222 0
255 219 0
255 216 0
255 213 0
255 210 0
255 207 0
255 204 0
255 201 0
255 198 0
255 195 0
255 192 0
255 189 0
255 186 0
255 183 0
255 180 0
255 177 0
255 174 0
255 171 0
255 168 0
255 165 0
255 162 0
255 159 0
255 156 0
255 153 0
255 150 0
255 147 0
255 144 0
255 141 0
255 138 0
255 135 0
255 132 0
255 129 0
255 126 0
255 123 0
255 120 0
255 115 0
255 110 0
255 105 0
255 100 0
255 95 0
255 90 0
255 85 0
255 80 0
255 75 0
255 70 0
255 60 0
255 50 0
255 40 0
255 30 0
255 20 0
255 10 0
255 0 0
255 10 10
255 20 20
255 30 30
255 40 40
255 50 50
255 60 60
255 70 70
255 75 75
255 80 80
255 85 85
255 90 90
255 95 95
255 100 100
255 105 105
255 110 110
255 115 115
255 120 120
255 125 125
255 130 130
255 135 135
255 140 140
255 145 145
255 150 150
255 155 155
255 160 160
255 165 165
255 170 170
255 175 175
255 180 180
255 185 185
255 190 190
255 195 195
255 200 200
255 205 205
255 210 210
255 215 215
255 220 220
255 225 225
255 230 230
255 235 235
255 240 240
255 245 245
255 250 250
255 255 255
