255 255 255
0 255 255
0 253 253
0 251 252
0 249 251
0 245 250
0 243 249
0 241 247
0 239 246
0 237 245
0 235 244
0 233 242
0 231 241
0 229 240
0 227 239
0 225 238
0 223 236
0 221 235
0 219 234
0 217 233
0 215 231
0 213 229
0 211 228
0 209 227
0 207 226
0 205 224
0 203 223
0 201 222
0 199 221
0 197 219
0 195 218
0 193 217
0 191 216
0 189 215
0 187 213
0 185 212
0 183 211
0 181 210
0 179 208
0 177 207
0 175 206
0 173 205
0 171 204
0 169 202
0 167 201
0 165 200
0 163 199
0 161 197
0 159 196
0 157 195
0 155 194
0 153 193
0 151 191
0 149 190
0 147 189
0 145 188
0 143 186
0 141 185
0 139 184
0 137 183
0 135 182
0 133 180
0 131 179
0 129 178
0 127 177
0 125 175
0 123 174
0 121 173
0 119 172
0 117 171
0 115 169
0 113 168
0 111 167
0 109 166
0 107 164
0 105 163
0 103 162
0 101 161
0  99 160
0  97 158
0  95 157
0  93 156
0  91 155
0  89 153
0  87 152
0  85 151
0  83 150
0  81 149
0  79 147
0  77 146
0  75 145
0  73 144
0  71 142
0  69 141
0  67 140
0  65 139
0  63 138
0  60 136
0  58 135
0  56 134
0  54 133
0  52 131
0  50 130
0  48 129
0  46 128
0  44 127
0  42 125
0  40 124
0  38 123
0  36 122
0  34 120
0  32 119
0  30 118
0  28 117
0  26 116
0  24 114
0  22 113
0  20 112
0  18 111
0  16 109
0  14 108
0  12 107
0  10 106
0   8 105
0   6 103
0   4 102
0   2 101
50 0 0
50 0 0
56 0 0
62 0 0
68 0 0
74 0 0
80 0 0
86 0 0
91 0 0
97 0 0
103 0 0
109 0 0
115 0 0
121 0 0
127 0 0
132 0 0
138 0 0
144 0 0
150 0 0
156 0 0
162 0 0
168 0 0
173 0 0
179 0 0
185 0 0
191 0 0
197 0 0
203 0 0
209 0 0
214 0 0
220 0 0
226 0 0
232 0 0
238 0 0
244 0 0
250 0 0
255 0 0
255 4 0
255 9 0
255 13 0
255 17 0
255 22 0
255 26 0
255 30 0
255 34 0
255 39 0
255 43 0
255 47 0
255 52 0
255 56 0
255 60 0
255 64 0
255 69 0
255 73 0
255 77 0
255 82 0
255 86 0
255 90 0
255 94 0
255 99 0
255 103 0
255 107 0
255 112 0
255 116 0
255 120 0
255 124 0
255 129 0
255 133 0
255 137 0
255 142 0
255 146 0
255 150 0
255 153 0
255 156 0
255 159 0
255 162 0
255 165 0
255 168 0
255 171 0
255 174 0
255 177 0
255 180 0
255 183 0
255 186 0
255 189 0
255 192 0
255 195 0
255 198 0
255 201 0
255 204 0
255 207 0
255 210 0
255 213 0
255 216 0
255 219 0
255 222 0
255 225 0
255 228 0
255 231 0
255 234 0
255 237 0
255 240 0
255 243 0
255 246 0
255 249 0
255 252 0
255 255 0
255 255 9
255 255 17
255 255 26
255 255 34
255 255 43
255 255 51
255 255 60
255 255 69
255 255 77
255 255 86
255 255 94
255 255 103
255 255 111
255 255 120
255 255 129
255 255 137
255 255 146
255 255 154
255 255 163
255 255 171
255 255 180
0 0 0
