255 255 255
255 250 255
255 245 255
255 240 255
255 235 255
255 230 255
255 225 255
255 220 255
255 215 255
255 210 255
255 205 255
255 200 255
255 195 255
255 190 255
255 185 255
255 180 255
255 175 255
255 170 255
255 165 255
255 160 60
255 155 120
255 150 180
255 145 255
255 140 255
255 135 255
255 130 255
255 125 255
255 120 255
255 115 255
255 110 255
255 105 255
255 100 255
255 90 255
255 80 255
255 70 255
255 60 255
255 50 255
255 40 255
255 30 255
255 20 255
255 10 255
255 0 255
255 6 255
255 13 255
255 19 255
255 26 255
255 32 255
255 39 255
255 45 255
255 51 255
255 57 255
255 64 255
255 70 255
245 77 255
235 83 255
225 90 255
215 96 255
205 102 255
195 108 255
185 115 255
175 121 255
165 128 255
155 134 255
145 141 255
135 147 255
125 153 255
115 159 255
105 166 255
95 172 255
85 179 255
75 185 255
65 192 255
55 198 255
45 204 255
35 210 255
25 217 255
20 220 255
15 223 255
10 227 255
5 230 255
0 233 255
0 236 255
0 239 255
0 243 255
0 245 255
0 249 255
0 251 255
0 255 255
0 255 251
0 255 247
0 255 243
0 255 239
0 255 235
0 255 231
0 255 227
0 255 223
0 255 219
0 255 215
0 255 211
0 255 207
0 255 203
0 255 199
0 255 190
0 255 180
0 255 170
0 255 160
0 255 150
0 255 140
0 255 130
0 255 120
0 255 110
0 255 100
0 255 90
0 255 80
0 255 70
0 255 60
0 255 50
0 255 40
0 255 30
0 255 20
0 255 10
0 255 0
10 255 0
20 255 0
30 255 0
40 255 0
50 255 0
60 255 0
70 255 0
80 255 0
90 255 0
100 255 0
110 255 0
115 255 0
120 255 0
125 255 0
130 255 0
135 255 0
140 255 0
145 255 0
150 255 0
155 255 0
160 255 0
165 255 0
170 255 0
175 255 0
180 255 0
185 255 0
190 255 0
195 255 0
200 255 0
205 255 0
210 255 0
215 255 0
220 255 0
225 255 0
230 255 0
235 255 0
240 255 0
245 255 0
250 255 0
255 255 0
255 252 0
255 249 0
255 246 0
255 243 0
255 240 0
255 239 0
255 236 0
255 233 0
255 228 0
255 225 0
255 222 0
255 219 0
255 216 0
255 213 0
255 210 0
255 207 0
255 204 0
255 201 0
255 198 0
255 195 0
255 192 0
255 189 0
255 186 0
255 183 0
255 180 0
255 177 0
255 174 0
255 171 0
255 168 0
255 165 0
255 162 0
255 159 0
255 156 0
255 153 0
255 150 0
255 145 0
255 140 0
255 135 0
255 130 0
255 125 0
255 120 0
255 115 0
255 110 0
255 105 0
255 100 0
255 95 0
255 90 0
255 85 0
255 80 0
255 75 0
255 70 0
255 65 0
255 60 0
255 55 0
255 50 0
255 45 0
255 40 0
255 35 0
255 30 0
255 25 0
255 20 0
255 15 0
255 10 0
255 5 0
255 0 0
250 0 0
245 0 0
240 0 0
235 0 0
230 0 0
225 0 0
220 0 0
215 0 0
210 0 0
205 0 0
200 0 0
195 0 0
190 0 0
185 0 0
180 0 0
175 0 0
170 0 0
165 0 0
160 0 0
155 0 0
150 0 0
145 0 0
140 0 0
135 0 0
130 0 0
125 0 0
120 0 0
115 0 0
0 0 0
